ply
format ascii 1.0
comment PCL generated
element vertex 294
property list uint float x_axis
property list uint float y_axis
property list uint float z_axis
element camera 1
property float view_px
property float view_py
property float view_pz
property float x_axisx
property float x_axisy
property float x_axisz
property float y_axisx
property float y_axisy
property float y_axisz
property float z_axisx
property float z_axisy
property float z_axisz
property float focal
property float scalex
property float scaley
property float centerx
property float centery
property int viewportx
property int viewporty
property float k1
property float k2
end_header
3 0.053167459 0.96965992 -0.2386065 3 -0.76102668 0.19405103 0.61901766 3 0.64653832 0.14867432 0.74825412
3 0.053167459 0.96965992 -0.2386065 3 -0.76102668 0.19405103 0.61901766 3 0.64653832 0.14867432 0.74825412
3 0.71576518 0.19805425 -0.6696676 3 0.037230268 0.94675481 0.31979591 3 0.69734782 -0.2538307 0.67028064
3 0.71576518 0.19805425 -0.6696676 3 0.037230268 0.94675481 0.31979591 3 0.69734782 -0.2538307 0.67028064
3 -0.20247976 0.93089825 -0.30402401 3 -0.79440022 0.025406659 0.6068632 3 0.57265204 0.36439413 0.73436129
3 -0.20247976 0.93089825 -0.30402401 3 -0.79440022 0.025406659 0.6068632 3 0.57265204 0.36439413 0.73436129
3 -0.40826496 0.76603627 -0.49649572 3 -0.84676516 -0.11459865 0.51947641 3 0.3410401 0.6324994 0.69543952
3 -0.40826496 0.76603627 -0.49649572 3 -0.84676516 -0.11459865 0.51947641 3 0.3410401 0.6324994 0.69543952
3 0.44227165 0.33645919 -0.831379 3 0.54104877 -0.83938962 -0.051877439 3 -0.71530551 -0.42687264 -0.5532791
3 0.44227165 0.33645919 -0.831379 3 0.54104877 -0.83938962 -0.051877439 3 -0.71530551 -0.42687264 -0.5532791
3 0.26183954 0.61364436 -0.74490315 3 0.63580269 -0.69034952 -0.34521371 3 -0.72608191 -0.38322076 -0.57091755
3 0.26183954 0.61364436 -0.74490315 3 0.63580269 -0.69034952 -0.34521371 3 -0.72608191 -0.38322076 -0.57091755
3 0.40098757 -0.74983954 0.5262602 3 0.86984092 0.13143922 -0.47550058 3 0.28737786 0.64843237 0.70494646
3 0.40098757 -0.74983954 0.5262602 3 0.86984092 0.13143922 -0.47550058 3 0.28737786 0.64843237 0.70494646
3 -0.34673777 0.93347019 -0.091686524 3 -0.57948834 -0.13633069 0.80349702 3 0.73754078 0.33173388 0.58820605
3 -0.34673777 0.93347019 -0.091686524 3 -0.57948834 -0.13633069 0.80349702 3 0.73754078 0.33173388 0.58820605
3 -0.35480249 -0.89805132 -0.26003656 3 0.82770896 -0.17238122 -0.53402495 3 0.43475646 -0.40470785 0.80448645
3 -0.35480249 -0.89805132 -0.26003656 3 0.82770896 -0.17238122 -0.53402495 3 0.43475646 -0.40470785 0.80448645
3 -0.58079547 0.794496 0.1773496 3 -0.50875777 -0.52433431 0.6828171 3 0.63548583 0.30634913 0.7087369
3 -0.58079547 0.794496 0.1773496 3 -0.50875777 -0.52433431 0.6828171 3 0.63548583 0.30634913 0.7087369
3 0.85396087 0.10642228 -0.50933802 3 0.35410115 -0.83609641 0.41899332 3 -0.3812654 -0.53816104 -0.75167781
3 0.85396087 0.10642228 -0.50933802 3 0.35410115 -0.83609641 0.41899332 3 -0.3812654 -0.53816104 -0.75167781
3 0.53975958 -0.73100281 -0.41748613 3 -0.4095054 -0.66130364 0.62847674 3 -0.7355032 -0.16826358 -0.65629447
3 0.53975958 -0.73100281 -0.41748613 3 -0.4095054 -0.66130364 0.62847674 3 -0.7355032 -0.16826358 -0.65629447
3 0.44256806 -0.72400677 0.52910089 3 0.87259781 0.21172827 -0.44016406 3 0.2066561 0.65649486 0.72547078
3 0.44256806 -0.72400677 0.52910089 3 0.87259781 0.21172827 -0.44016406 3 0.2066561 0.65649486 0.72547078
3 0.46705607 -0.8791309 -0.094803311 3 -0.80210704 -0.46635962 0.37300587 3 -0.37213349 -0.098171994 -0.92297298
3 0.46705607 -0.8791309 -0.094803311 3 -0.80210704 -0.46635962 0.37300587 3 -0.37213349 -0.098171994 -0.92297298
3 0.87013823 0.24539615 -0.42736444 3 -0.38509101 0.87971914 -0.27892524 3 0.30751339 0.40727764 0.85997701
3 0.87013823 0.24539615 -0.42736444 3 -0.38509101 0.87971914 -0.27892524 3 0.30751339 0.40727764 0.85997701
3 -0.8792699 -0.43009633 0.20469862 3 0.30225784 -0.83594173 -0.45808458 3 0.36813655 -0.34090832 0.86501849
3 -0.8792699 -0.43009633 0.20469862 3 0.30225784 -0.83594173 -0.45808458 3 0.36813655 -0.34090832 0.86501849
3 0.52110118 0.70729172 -0.47769445 3 -0.70251417 0.67329109 0.23054954 3 0.48469317 0.21544743 0.84773529
3 0.52110118 0.70729172 -0.47769445 3 -0.70251417 0.67329109 0.23054954 3 0.48469317 0.21544743 0.84773529
3 0.95673907 0.076147489 -0.28080589 3 0.17708999 -0.91818011 0.35437933 3 -0.23084524 -0.38877642 -0.89194375
3 0.95673907 0.076147489 -0.28080589 3 0.17708999 -0.91818011 0.35437933 3 -0.23084524 -0.38877642 -0.89194375
3 0.063365094 -0.93370014 0.35240445 3 0.92686784 -0.07585749 -0.36764354 3 0.37000135 0.34992814 0.86060995
3 0.063365094 -0.93370014 0.35240445 3 0.92686784 -0.07585749 -0.36764354 3 0.37000135 0.34992814 0.86060995
3 -0.95365113 -0.028177025 0.2995927 3 0.077222683 -0.9851805 0.15315473 3 0.29083738 0.16919151 0.9416942
3 -0.95365113 -0.028177025 0.2995927 3 0.077222683 -0.9851805 0.15315473 3 0.29083738 0.16919151 0.9416942
3 -0.87441248 0.47239584 -0.11065789 3 -0.41123387 -0.60057443 0.68570936 3 0.25746799 0.64509892 0.71941483
3 -0.87441248 0.47239584 -0.11065789 3 -0.41123387 -0.60057443 0.68570936 3 0.25746799 0.64509892 0.71941483
3 0.82169265 0.33114207 -0.46386006 3 0.4327032 -0.89217365 0.12959258 3 -0.37093008 -0.30719897 -0.87637877
3 0.82169265 0.33114207 -0.46386006 3 0.4327032 -0.89217365 0.12959258 3 -0.37093008 -0.30719897 -0.87637877
3 -0.68132234 0.73185885 0.013509381 3 0.66027719 0.6224407 -0.42023993 3 -0.31596515 -0.27739888 -0.90731245
3 -0.68132234 0.73185885 0.013509381 3 0.66027719 0.6224407 -0.42023993 3 -0.31596515 -0.27739888 -0.90731245
3 0.91596627 -0.3783612 -0.13359866 3 -0.32909077 -0.89886665 0.28937557 3 -0.22957602 -0.2210921 -0.94784665
3 0.91596627 -0.3783612 -0.13359866 3 -0.32909077 -0.89886665 0.28937557 3 -0.22957602 -0.2210921 -0.94784665
3 0.49950805 0.44637015 -0.742459 3 -0.78390014 0.59771502 -0.16803932 3 0.36877126 0.66595083 0.64847302
3 0.49950805 0.44637015 -0.742459 3 -0.78390014 0.59771502 -0.16803932 3 0.36877126 0.66595083 0.64847302
3 0.88441849 -0.46120083 -0.07139986 3 0.29211983 0.66638356 -0.68600237 3 0.36396468 0.58585566 0.72408766
3 0.88441849 -0.46120083 -0.07139986 3 0.29211983 0.66638356 -0.68600237 3 0.36396468 0.58585566 0.72408766
3 -0.90105075 0.03609718 0.43220899 3 0.084038585 -0.96311331 0.25563723 3 0.42549405 0.26666433 0.86478031
3 -0.90105075 0.03609718 0.43220899 3 0.084038585 -0.96311331 0.25563723 3 0.42549405 0.26666433 0.86478031
3 0.48040158 -0.87362355 0.077436581 3 0.77327615 0.38024566 -0.50740266 3 0.4138338 0.30363706 0.85822266
3 0.48040158 -0.87362355 0.077436581 3 0.77327615 0.38024566 -0.50740266 3 0.4138338 0.30363706 0.85822266
3 0.16937827 -0.88982689 0.42369708 3 -0.90547407 0.029244661 0.42339286 3 -0.38913718 -0.45536029 -0.80076164
3 0.16937827 -0.88982689 0.42369708 3 -0.90547407 0.029244661 0.42339286 3 -0.38913718 -0.45536029 -0.80076164
3 -0.1889866 -0.59335184 0.78244352 3 -0.85005581 0.49776372 0.17215282 3 -0.49161911 -0.632586 -0.59845275
3 -0.1889866 -0.59335184 0.78244352 3 -0.85005581 0.49776372 0.17215282 3 -0.49161911 -0.632586 -0.59845275
3 0.5654726 0.3816213 -0.7311675 3 0.57390857 -0.81875288 0.016516104 3 -0.59234262 -0.42896271 -0.68199801
3 0.5654726 0.3816213 -0.7311675 3 0.57390857 -0.81875288 0.016516104 3 -0.59234262 -0.42896271 -0.68199801
3 -0.71657056 0.568995 0.40344933 3 -0.41929397 -0.81362075 0.40275788 3 0.55742216 0.11944041 0.82159269
3 -0.71657056 0.568995 0.40344933 3 -0.41929397 -0.81362075 0.40275788 3 0.55742216 0.11944041 0.82159269
3 -0.71962559 -0.317754 0.61739081 3 0.43273407 -0.90059441 0.040880159 3 0.54302877 0.2965844 0.78559381
3 -0.71962559 -0.317754 0.61739081 3 0.43273407 -0.90059441 0.040880159 3 0.54302877 0.2965844 0.78559381
3 0.6936878 -0.51074612 -0.50787377 3 0.21381642 0.81934595 -0.5319351 3 0.68780804 0.26040509 0.67757607
3 0.6936878 -0.51074612 -0.50787377 3 0.21381642 0.81934595 -0.5319351 3 0.68780804 0.26040509 0.67757607
3 0.77137178 -0.43400714 -0.46542805 3 0.21804574 0.86734045 -0.44741097 3 0.59786415 0.24363564 0.76367545
3 0.77137178 -0.43400714 -0.46542805 3 0.21804574 0.86734045 -0.44741097 3 0.59786415 0.24363564 0.76367545
3 0.54120505 -0.83111978 -0.12781696 3 -0.81772792 -0.48475122 -0.31038275 3 0.1960057 0.27250031 -0.94197947
3 0.54120505 -0.83111978 -0.12781696 3 -0.81772792 -0.48475122 -0.31038275 3 0.1960057 0.27250031 -0.94197947
3 -0.12221092 -0.99187958 0.035207082 3 0.97969413 -0.12623852 -0.15576687 3 0.15894647 0.015455998 0.98716623
3 -0.12221092 -0.99187958 0.035207082 3 0.97969413 -0.12623852 -0.15576687 3 0.15894647 0.015455998 0.98716623
3 -0.48461804 0.77753699 -0.40072659 3 0.84126663 0.28880233 -0.45701614 3 -0.23961629 -0.55859584 -0.79407471
3 -0.48461804 0.77753699 -0.40072659 3 0.84126663 0.28880233 -0.45701614 3 -0.23961629 -0.55859584 -0.79407471
3 0.083068408 0.74580097 0.66096944 3 -0.86444569 0.38392305 -0.32455668 3 -0.49581605 -0.54441166 0.67659628
3 0.083068408 0.74580097 0.66096944 3 -0.86444569 0.38392305 -0.32455668 3 -0.49581605 -0.54441166 0.67659628
3 0.66068399 -0.73241723 -0.16450463 3 0.73585027 0.67522472 -0.05095128 3 0.14839517 -0.087388068 0.9850595
3 0.66068399 -0.73241723 -0.16450463 3 0.73585027 0.67522472 -0.05095128 3 0.14839517 -0.087388068 0.9850595
3 0.81212902 -0.26232338 -0.52118433 3 -0.083035231 -0.9361068 0.34177423 3 -0.57753932 -0.2342881 -0.78202146
3 0.81212902 -0.26232338 -0.52118433 3 -0.083035231 -0.9361068 0.34177423 3 -0.57753932 -0.2342881 -0.78202146
3 0.42414162 -0.82956022 -0.36322704 3 0.82791162 0.19266871 0.52672702 3 -0.36696926 -0.52412665 0.76852125
3 0.42414162 -0.82956022 -0.36322704 3 0.82791162 0.19266871 0.52672702 3 -0.36696926 -0.52412665 0.76852125
3 0.66597229 -0.064678408 -0.74316728 3 0.11367512 -0.97580051 0.18679202 3 -0.73726439 -0.20887795 -0.64250386
3 0.66597229 -0.064678408 -0.74316728 3 0.11367512 -0.97580051 0.18679202 3 -0.73726439 -0.20887795 -0.64250386
3 0.7646454 0.29744452 -0.5717029 3 -0.50656885 0.8257972 -0.24788523 3 0.39837837 0.4791511 0.78211826
3 0.7646454 0.29744452 -0.5717029 3 -0.50656885 0.8257972 -0.24788523 3 0.39837837 0.4791511 0.78211826
3 0.45182693 -0.88589692 0.10506789 3 0.8751629 0.41731638 -0.24482128 3 0.17303982 0.20256835 0.96385866
3 0.45182693 -0.88589692 0.10506789 3 0.8751629 0.41731638 -0.24482128 3 0.17303982 0.20256835 0.96385866
3 -0.73863024 -0.1371447 -0.66001278 3 -0.47593009 0.79948223 0.36649531 3 0.47740555 0.58482438 -0.65579289
3 -0.73863024 -0.1371447 -0.66001278 3 -0.47593009 0.79948223 0.36649531 3 0.47740555 0.58482438 -0.65579289
3 -0.64367676 0.64071363 -0.41852871 3 -0.20605652 -0.67178416 -0.7115103 3 -0.73703533 -0.37174201 0.56443506
3 -0.64367676 0.64071363 -0.41852871 3 -0.20605652 -0.67178416 -0.7115103 3 -0.73703533 -0.37174201 0.56443506
3 0.43385488 0.69155627 -0.57751179 3 -0.8154639 0.57396793 0.074696466 3 0.38313007 0.43853265 0.81295794
3 0.43385488 0.69155627 -0.57751179 3 -0.8154639 0.57396793 0.074696466 3 0.38313007 0.43853265 0.81295794
3 0.0075120307 -0.88911772 0.45761707 3 0.93199635 -0.15962008 -0.3254298 3 0.36239022 0.42894211 0.82745522
3 0.0075120307 -0.88911772 0.45761707 3 0.93199635 -0.15962008 -0.3254298 3 0.36239022 0.42894211 0.82745522
3 -0.92846584 0.29141772 -0.23027579 3 -0.35837367 -0.86576438 0.34931439 3 -0.097568154 0.40685123 0.90826905
3 -0.92846584 0.29141772 -0.23027579 3 -0.35837367 -0.86576438 0.34931439 3 -0.097568154 0.40685123 0.90826905
3 0.021047378 0.89672285 -0.44209182 3 -0.98502487 0.094284847 0.14434825 3 0.17112292 0.43243319 0.88527876
3 0.021047378 0.89672285 -0.44209182 3 -0.98502487 0.094284847 0.14434825 3 0.17112292 0.43243319 0.88527876
3 -0.04289997 -0.64246786 -0.76511097 3 -0.72230488 0.54903096 -0.42052448 3 0.69024295 0.53460276 -0.48761106
3 -0.04289997 -0.64246786 -0.76511097 3 -0.72230488 0.54903096 -0.42052448 3 0.69024295 0.53460276 -0.48761106
3 0.99327767 -0.030724857 0.11160482 3 -0.07310313 -0.91404194 0.39897829 3 0.08975298 -0.4044548 -0.91014338
3 0.99327767 -0.030724857 0.11160482 3 -0.07310313 -0.91404194 0.39897829 3 0.08975298 -0.4044548 -0.91014338
3 -0.5994131 0.067345291 -0.79760176 3 -0.37679458 0.85540676 0.35539442 3 0.70620829 0.51356006 -0.48736635
3 -0.5994131 0.067345291 -0.79760176 3 -0.37679458 0.85540676 0.35539442 3 0.70620829 0.51356006 -0.48736635
3 0.23557781 0.81944305 -0.52250946 3 -0.96616113 0.25558454 -0.034772858 3 0.10505098 0.5130201 0.85192412
3 0.23557781 0.81944305 -0.52250946 3 -0.96616113 0.25558454 -0.034772858 3 0.10505098 0.5130201 0.85192412
3 0.96953917 -0.043240897 0.24108921 3 0.13819695 0.90923184 -0.39268181 3 -0.20222609 0.41403821 0.88751167
3 0.96953917 -0.043240897 0.24108921 3 0.13819695 0.90923184 -0.39268181 3 -0.20222609 0.41403821 0.88751167
3 0.090789437 -0.95830899 0.27092654 3 -0.9904002 -0.11535989 -0.076155499 3 0.10423455 -0.26141164 -0.95958281
3 0.090789437 -0.95830899 0.27092654 3 -0.9904002 -0.11535989 -0.076155499 3 0.10423455 -0.26141164 -0.95958281
3 0.70648265 0.22668187 0.6704458 3 0.53591686 -0.79008436 -0.29759029 3 0.46225035 0.56954557 -0.6796636
3 0.70648265 0.22668187 0.6704458 3 0.53591686 -0.79008436 -0.29759029 3 0.46225035 0.56954557 -0.6796636
3 -0.90090871 0.39499584 -0.17983824 3 0.11248565 0.61271375 0.78225893 3 0.41917843 0.68451464 -0.59643048
3 -0.90090871 0.39499584 -0.17983824 3 0.11248565 0.61271375 0.78225893 3 0.41917843 0.68451464 -0.59643048
3 0.00953147 -0.97826797 0.20712557 3 0.98009914 0.050212257 0.19205382 3 -0.19828033 0.20117308 0.95927811
3 0.00953147 -0.97826797 0.20712557 3 0.98009914 0.050212257 0.19205382 3 -0.19828033 0.20117308 0.95927811
3 0.11233393 0.89503342 -0.43162054 3 -0.97782707 0.022312291 -0.20822206 3 -0.17673527 0.44544056 0.87769437
3 0.11233393 0.89503342 -0.43162054 3 -0.97782707 0.022312291 -0.20822206 3 -0.17673527 0.44544056 0.87769437
3 -0.0021304842 0.92806816 -0.37240422 3 -0.9810046 -0.074176274 -0.1792424 3 -0.19397274 0.36494848 0.91059715
3 -0.0021304842 0.92806816 -0.37240422 3 -0.9810046 -0.074176274 -0.1792424 3 -0.19397274 0.36494848 0.91059715
3 0.010361852 -0.99510086 0.098320864 3 0.97401214 0.032292575 0.22418231 3 -0.22625904 0.09344288 0.96957481
3 0.010361852 -0.99510086 0.098320864 3 0.97401214 0.032292575 0.22418231 3 -0.22625904 0.09344288 0.96957481
3 -0.78939098 -0.46065652 -0.40578026 3 0.47506642 -0.87704265 0.071472824 3 -0.38881087 -0.13635251 0.91117191
3 -0.78939098 -0.46065652 -0.40578026 3 0.47506642 -0.87704265 0.071472824 3 -0.38881087 -0.13635251 0.91117191
3 -0.71668595 -0.20145726 -0.66766483 3 0.16183934 0.8831892 -0.44021016 3 0.67835772 -0.42354688 -0.60036564
3 -0.71668595 -0.20145726 -0.66766483 3 0.16183934 0.8831892 -0.44021016 3 0.67835772 -0.42354688 -0.60036564
3 -0.23487836 -0.56017017 -0.79438132 3 0.89019704 -0.45216507 0.055642486 3 -0.39036068 -0.69408661 0.60486555
3 -0.23487836 -0.56017017 -0.79438132 3 0.89019704 -0.45216507 0.055642486 3 -0.39036068 -0.69408661 0.60486555
3 0.33225858 0.50738722 0.79508644 3 0.84961915 -0.52706522 -0.018698692 3 0.40957493 0.68173343 -0.60620785
3 0.33225858 0.50738722 0.79508644 3 0.84961915 -0.52706522 -0.018698692 3 0.40957493 0.68173343 -0.60620785
3 -0.88020539 0.18209003 -0.43827131 3 -0.24709797 0.61259639 0.75077844 3 0.40519246 0.76913518 -0.49421668
3 -0.88020539 0.18209003 -0.43827131 3 -0.24709797 0.61259639 0.75077844 3 0.40519246 0.76913518 -0.49421668
3 0.098683715 -0.77248788 -0.6273151 3 0.88299537 -0.22272576 0.41317388 3 -0.45889094 -0.59468979 0.66012359
3 0.098683715 -0.77248788 -0.6273151 3 0.88299537 -0.22272576 0.41317388 3 -0.45889094 -0.59468979 0.66012359
3 0.14123286 0.9655447 -0.21857914 3 0.84507382 -0.00257916 0.53464341 3 0.51565832 -0.26022473 -0.81632072
3 0.14123286 0.9655447 -0.21857914 3 0.84507382 -0.00257916 0.53464341 3 0.51565832 -0.26022473 -0.81632072
3 -0.81118405 -0.48956335 -0.3198567 3 -0.26237956 0.79350436 -0.54909754 3 0.52262568 -0.36149517 -0.77212936
3 -0.81118405 -0.48956335 -0.3198567 3 -0.26237956 0.79350436 -0.54909754 3 0.52262568 -0.36149517 -0.77212936
3 -0.85645026 0.46424389 -0.22576663 3 -0.25542557 -0.7611413 -0.59617257 3 -0.44860965 -0.45292565 0.77045941
3 -0.85645026 0.46424389 -0.22576663 3 -0.25542557 -0.7611413 -0.59617257 3 -0.44860965 -0.45292565 0.77045941
3 0.60845196 -0.022292765 0.7932775 3 -0.31918067 -0.92206573 0.21890286 3 0.72657412 -0.38639072 -0.56814808
3 0.60845196 -0.022292765 0.7932775 3 -0.31918067 -0.92206573 0.21890286 3 0.72657412 -0.38639072 -0.56814808
3 -0.44806698 -0.89022446 -0.082075499 3 0.7276572 -0.41649285 0.54502177 3 -0.51937556 0.18448339 0.83439493
3 -0.44806698 -0.89022446 -0.082075499 3 0.7276572 -0.41649285 0.54502177 3 -0.51937556 0.18448339 0.83439493
3 -0.14963156 -0.96282423 0.22490004 3 0.76808912 0.030041024 0.63963801 3 -0.6226151 0.26845339 0.73503965
3 -0.14963156 -0.96282423 0.22490004 3 0.76808912 0.030041024 0.63963801 3 -0.6226151 0.26845339 0.73503965
3 -0.51824826 0.31140462 -0.79652125 3 -0.48059314 -0.87643218 -0.029953301 3 -0.70742434 0.36727938 0.60386819
3 -0.51824826 0.31140462 -0.79652125 3 -0.48059314 -0.87643218 -0.029953301 3 -0.70742434 0.36727938 0.60386819
3 0.7512598 -0.65820861 -0.048686374 3 0.51896393 0.54353076 0.65973556 3 -0.40778098 -0.52089918 0.74991918
3 0.7512598 -0.65820861 -0.048686374 3 0.51896393 0.54353076 0.65973556 3 -0.40778098 -0.52089918 0.74991918
3 -0.88711369 0.14434259 -0.43840015 3 0.22881347 -0.68736869 -0.68932498 3 -0.40084153 -0.71182132 0.57674652
3 -0.88711369 0.14434259 -0.43840015 3 0.22881347 -0.68736869 -0.68932498 3 -0.40084153 -0.71182132 0.57674652
3 0.73583156 -0.58728737 -0.33711368 3 -0.60314286 -0.34208742 -0.72055203 3 0.3078486 0.73353261 -0.60593677
3 0.73583156 -0.58728737 -0.33711368 3 -0.60314286 -0.34208742 -0.72055203 3 0.3078486 0.73353261 -0.60593677
3 -0.49306053 -0.86385548 -0.10317539 3 0.60434806 -0.42539969 0.67364573 3 -0.6258232 0.26979432 0.73181713
3 -0.49306053 -0.86385548 -0.10317539 3 0.60434806 -0.42539969 0.67364573 3 -0.6258232 0.26979432 0.73181713
3 -0.69623268 -0.49680799 -0.51811379 3 0.20693344 -0.83006287 0.51785547 3 -0.68734187 0.25333273 0.68072301
3 -0.69623268 -0.49680799 -0.51811379 3 0.20693344 -0.83006287 0.51785547 3 -0.68734187 0.25333273 0.68072301
3 0.59303355 -0.035716418 0.80438524 3 0.27580434 0.94758999 -0.16126192 3 -0.75646764 0.31748664 0.57180333
3 0.59303355 -0.035716418 0.80438524 3 0.27580434 0.94758999 -0.16126192 3 -0.75646764 0.31748664 0.57180333
3 0.78990448 0.1578041 0.59257811 3 0.082779802 -0.98491728 0.1519392 3 0.60761732 -0.070963897 -0.7910533
3 0.78990448 0.1578041 0.59257811 3 0.082779802 -0.98491728 0.1519392 3 0.60761732 -0.070963897 -0.7910533
3 -0.85684359 0.51129335 -0.066317692 3 0.33738637 0.65331286 0.67775553 3 0.38985807 0.55835593 -0.73229045
3 -0.85684359 0.51129335 -0.066317692 3 0.33738637 0.65331286 0.67775553 3 0.38985807 0.55835593 -0.73229045
3 -0.09918616 0.70519364 -0.70204282 3 0.83551657 0.44220221 0.32614321 3 0.54043895 -0.55421948 -0.63306129
3 -0.09918616 0.70519364 -0.70204282 3 0.83551657 0.44220221 0.32614321 3 0.54043895 -0.55421948 -0.63306129
3 -0.83984303 0.099895336 -0.53355861 3 0.023326874 -0.97537172 -0.2193311 3 -0.54232806 -0.19664991 0.81682873
3 -0.83984303 0.099895336 -0.53355861 3 0.023326874 -0.97537172 -0.2193311 3 -0.54232806 -0.19664991 0.81682873
3 -0.48639181 0.78684443 0.37986678 3 0.72553658 0.12147485 0.67737758 3 0.48684657 0.60507828 -0.62996882
3 -0.48639181 0.78684443 0.37986678 3 0.72553658 0.12147485 0.67737758 3 0.48684657 0.60507828 -0.62996882
3 0.78617507 0.18373914 0.59005821 3 -0.16092512 -0.8609786 0.48251307 3 0.59668422 -0.4742949 -0.64731157
3 0.78617507 0.18373914 0.59005821 3 -0.16092512 -0.8609786 0.48251307 3 0.59668422 -0.4742949 -0.64731157
3 -0.16136548 -0.44935051 -0.87866122 3 -0.87554282 0.47601983 -0.082645468 3 0.45539683 0.75596923 -0.47023869
3 -0.16136548 -0.44935051 -0.87866122 3 -0.87554282 0.47601983 -0.082645468 3 0.45539683 0.75596923 -0.47023869
3 -0.19988152 0.76478285 -0.61249864 3 0.8048619 0.48465654 0.34249869 3 0.5587886 -0.42451769 -0.71241844
3 -0.19988152 0.76478285 -0.61249864 3 0.8048619 0.48465654 0.34249869 3 0.5587886 -0.42451769 -0.71241844
3 -0.20823093 -0.93160927 0.2978994 3 -0.88127798 0.046595201 -0.47029576 3 0.4242512 -0.36046234 -0.83070928
3 -0.20823093 -0.93160927 0.2978994 3 -0.88127798 0.046595201 -0.47029576 3 0.4242512 -0.36046234 -0.83070928
3 0.28135884 0.44547224 0.84993637 3 -0.82162547 0.5694136 -0.02645652 3 -0.4957509 -0.69088554 0.5262208
3 0.28135884 0.44547224 0.84993637 3 -0.82162547 0.5694136 -0.02645652 3 -0.4957509 -0.69088554 0.5262208
3 -0.89095223 0.4267278 -0.15526664 3 -0.20743765 -0.68663061 -0.69678426 3 -0.40394792 -0.58859324 0.70027435
3 -0.89095223 0.4267278 -0.15526664 3 -0.20743765 -0.68663061 -0.69678426 3 -0.40394792 -0.58859324 0.70027435
3 0.79626364 -0.055503879 0.60239822 3 0.14564608 0.98408055 -0.1018469 3 -0.58715552 0.16883391 0.7916714
3 0.79626364 -0.055503879 0.60239822 3 0.14564608 0.98408055 -0.1018469 3 -0.58715552 0.16883391 0.7916714
3 -0.77741355 0.57613832 0.25237444 3 -0.46814889 -0.26202899 -0.8439061 3 -0.42007759 -0.77421254 0.47342348
3 -0.77741355 0.57613832 0.25237444 3 -0.46814889 -0.26202899 -0.8439061 3 -0.42007759 -0.77421254 0.47342348
3 0.39654109 -0.61695743 0.67979318 3 -0.78888071 -0.60771644 -0.091368303 3 0.46949178 -0.50004435 -0.72769028
3 0.39654109 -0.61695743 0.67979318 3 -0.78888071 -0.60771644 -0.091368303 3 0.46949178 -0.50004435 -0.72769028
3 -0.13577992 0.63200045 -0.76298064 3 0.9017272 0.39786446 0.16909221 3 0.41042912 -0.66504085 -0.62391394
3 -0.13577992 0.63200045 -0.76298064 3 0.9017272 0.39786446 0.16909221 3 0.41042912 -0.66504085 -0.62391394
3 -0.81020677 0.028620398 -0.58544511 3 0.38439414 -0.72808909 -0.56756294 3 -0.44250017 -0.68488491 0.57890099
3 -0.81020677 0.028620398 -0.58544511 3 0.38439414 -0.72808909 -0.56756294 3 -0.44250017 -0.68488491 0.57890099
3 0.17226197 -0.79950625 -0.57542652 3 0.85967511 -0.16317829 0.48407814 3 -0.48092055 -0.57806808 0.65920615
3 0.17226197 -0.79950625 -0.57542652 3 0.85967511 -0.16317829 0.48407814 3 -0.48092055 -0.57806808 0.65920615
3 -0.26533961 0.76476425 -0.58713764 3 0.8637619 0.4591195 0.207665 3 0.42838109 -0.45204538 -0.78239673
3 -0.26533961 0.76476425 -0.58713764 3 0.8637619 0.4591195 0.207665 3 0.42838109 -0.45204538 -0.78239673
3 -0.15593378 -0.72544438 0.67038429 3 -0.91103721 -0.15663749 -0.38141298 3 0.3817012 -0.67022026 -0.63648176
3 -0.15593378 -0.72544438 0.67038429 3 -0.91103721 -0.15663749 -0.38141298 3 0.3817012 -0.67022026 -0.63648176
3 0.26291844 0.46480501 0.84547645 3 -0.76051414 0.63908499 -0.11484262 3 -0.5937106 -0.61280239 0.52151793
3 0.26291844 0.46480501 0.84547645 3 -0.76051414 0.63908499 -0.11484262 3 -0.5937106 -0.61280239 0.52151793
3 0.74494642 -0.5996998 -0.29225838 3 -0.52674562 -0.25991219 -0.80931121 3 0.40938216 0.75683939 -0.50950986
3 0.74494642 -0.5996998 -0.29225838 3 -0.52674562 -0.25991219 -0.80931121 3 0.40938216 0.75683939 -0.50950986
3 0.81180501 -0.11853218 0.57177162 3 0.065957375 0.99152768 0.11190379 3 -0.58019155 -0.053131506 0.81274521
3 0.81180501 -0.11853218 0.57177162 3 0.065957375 0.99152768 0.11190379 3 -0.58019155 -0.053131506 0.81274521
3 0.36920166 0.39616066 0.84068245 3 -0.69570255 0.7175889 -0.03262344 3 -0.61618841 -0.57282019 0.54054499
3 0.36920166 0.39616066 0.84068245 3 -0.69570255 0.7175889 -0.03262344 3 -0.61618841 -0.57282019 0.54054499
3 -0.91605854 -0.10713128 -0.38647074 3 -0.10979915 -0.85984373 0.49861112 3 -0.38572133 0.49919114 0.77590424
3 -0.91605854 -0.10713128 -0.38647074 3 -0.10979915 -0.85984373 0.49861112 3 -0.38572133 0.49919114 0.77590424
3 -0.50424391 -0.52425265 -0.68621957 3 0.63781822 -0.76180482 0.11331981 3 -0.58217359 -0.38054252 0.71851325
3 -0.50424391 -0.52425265 -0.68621957 3 0.63781822 -0.76180482 0.11331981 3 -0.58217359 -0.38054252 0.71851325
3 -0.45946118 0.87055653 0.1761439 3 0.617993 0.17089488 0.76738489 3 0.63794988 0.46143922 -0.61651748
3 -0.45946118 0.87055653 0.1761439 3 0.617993 0.17089488 0.76738489 3 0.63794988 0.46143922 -0.61651748
3 -0.034136754 -0.6368109 -0.77026397 3 0.80215538 -0.4771781 0.35895386 3 -0.59613883 -0.60561788 0.52711058
3 -0.034136754 -0.6368109 -0.77026397 3 0.80215538 -0.4771781 0.35895386 3 -0.59613883 -0.60561788 0.52711058
3 0.27989498 0.41200525 0.86712784 3 0.6848864 -0.71863705 0.12038127 3 0.67274779 0.5601899 -0.48331946
3 0.27989498 0.41200525 0.86712784 3 0.6848864 -0.71863705 0.12038127 3 0.67274779 0.5601899 -0.48331946
3 -0.22621413 -0.70229405 -0.6749891 3 0.75927031 -0.56121731 0.32946 3 -0.61019331 -0.43797064 0.66018623
3 -0.22621413 -0.70229405 -0.6749891 3 0.75927031 -0.56121731 0.32946 3 -0.61019331 -0.43797064 0.66018623
3 0.73633844 0.075127274 0.67242956 3 -0.49086687 0.74330556 0.45447382 3 -0.46567738 -0.66472 0.58420193
3 0.73633844 0.075127274 0.67242956 3 -0.49086687 0.74330556 0.45447382 3 -0.46567738 -0.66472 0.58420193
3 -0.51813561 -0.15001655 -0.84203953 3 -0.50469428 0.84845543 0.15939599 3 0.69052088 0.50756127 -0.51532757
3 -0.51813561 -0.15001655 -0.84203953 3 -0.50469428 0.84845543 0.15939599 3 0.69052088 0.50756127 -0.51532757
3 0.36190489 -0.76498282 0.53275353 3 0.73570728 0.58535075 0.34073395 3 -0.57250321 0.26863733 0.77464455
3 0.36190489 -0.76498282 0.53275353 3 0.73570728 0.58535075 0.34073395 3 -0.57250321 0.26863733 0.77464455
3 -0.48464429 0.77831328 -0.39918482 3 -0.71099782 -0.61634946 -0.33851972 3 -0.50951159 0.11975776 0.85208923
3 -0.48464429 0.77831328 -0.39918482 3 -0.71099782 -0.61634946 -0.33851972 3 -0.50951159 0.11975776 0.85208923
3 -0.11313456 0.86758262 -0.48425311 3 -0.89288765 -0.30256736 -0.33347383 3 -0.43583524 0.39465615 0.80888456
3 -0.11313456 0.86758262 -0.48425311 3 -0.89288765 -0.30256736 -0.33347383 3 -0.43583524 0.39465615 0.80888456
3 -0.85544878 -0.50510079 0.11437058 3 -0.48298365 0.69839489 -0.5281775 3 0.18690701 -0.50706792 -0.84139645
3 -0.85544878 -0.50510079 0.11437058 3 -0.48298365 0.69839489 -0.5281775 3 0.18690701 -0.50706792 -0.84139645
3 -0.24944507 -0.43610206 -0.86463422 3 0.72870433 -0.67256927 0.1289992 3 -0.63778311 -0.59788442 0.48555839
3 -0.24944507 -0.43610206 -0.86463422 3 0.72870433 -0.67256927 0.1289992 3 -0.63778311 -0.59788442 0.48555839
3 -0.61553764 0.15008652 -0.77368432 3 0.3778252 -0.80533379 -0.45682117 3 -0.69163686 -0.57350808 0.43900681
3 -0.61553764 0.15008652 -0.77368432 3 0.3778252 -0.80533379 -0.45682117 3 -0.69163686 -0.57350808 0.43900681
3 -0.33402005 -0.52019447 -0.78602064 3 0.63478726 -0.74059379 0.22037731 3 -0.69676095 -0.42534536 0.577586
3 -0.33402005 -0.52019447 -0.78602064 3 0.63478726 -0.74059379 0.22037731 3 -0.69676095 -0.42534536 0.577586
3 -0.61325639 0.3579576 -0.70411861 3 -0.58907533 -0.8011241 0.10578579 3 -0.52621949 0.47965264 0.70215851
3 -0.61325639 0.3579576 -0.70411861 3 -0.58907533 -0.8011241 0.10578579 3 -0.52621949 0.47965264 0.70215851
3 -0.45059565 0.4405655 -0.77644426 3 -0.4846428 -0.85114062 -0.20169544 3 -0.74972337 0.28541508 0.59703696
3 -0.45059565 0.4405655 -0.77644426 3 -0.4846428 -0.85114062 -0.20169544 3 -0.74972337 0.28541508 0.59703696
3 -0.88586915 -0.45552081 0.08795926 3 0.42607421 -0.72380114 0.54274577 3 -0.18356687 0.51827884 0.83527863
3 -0.88586915 -0.45552081 0.08795926 3 0.42607421 -0.72380114 0.54274577 3 -0.18356687 0.51827884 0.83527863
3 0.6423254 0.59437793 0.4838728 3 0.3936559 -0.79754436 0.45711932 3 0.65761185 -0.10313984 -0.74626333
3 0.6423254 0.59437793 0.4838728 3 0.3936559 -0.79754436 0.45711932 3 0.65761185 -0.10313984 -0.74626333
3 0.48491099 0.79572755 0.36287594 3 -0.52849203 0.59720814 -0.60335612 3 -0.6968196 0.10079692 0.71012849
3 0.48491099 0.79572755 0.36287594 3 -0.52849203 0.59720814 -0.60335612 3 -0.6968196 0.10079692 0.71012849
3 -0.58679676 0.079965703 -0.805776 3 0.023738135 -0.99298513 -0.11583146 3 -0.80938625 -0.087097153 0.58078223
3 -0.58679676 0.079965703 -0.805776 3 0.023738135 -0.99298513 -0.11583146 3 -0.80938625 -0.087097153 0.58078223
3 0.52246219 -0.48348674 0.70233458 3 0.20205218 0.87043726 0.4489032 3 -0.82837689 -0.092626758 0.55246013
3 0.52246219 -0.48348674 0.70233458 3 0.20205218 0.87043726 0.4489032 3 -0.82837689 -0.092626758 0.55246013
3 -0.48112994 0.85847729 0.177569 3 -0.67379451 -0.23255257 -0.70137024 3 -0.56081641 -0.45709506 0.69032532
3 -0.48112994 0.85847729 0.177569 3 -0.67379451 -0.23255257 -0.70137024 3 -0.56081641 -0.45709506 0.69032532
3 -0.47514501 0.55720282 -0.68100089 3 -0.72711986 -0.68448251 -0.052728593 3 -0.49551368 0.47011548 0.73038179
3 -0.47514501 0.55720282 -0.68100089 3 -0.72711986 -0.68448251 -0.052728593 3 -0.49551368 0.47011548 0.73038179
3 0.37904647 0.86820573 -0.32022282 3 -0.87904096 0.22969079 -0.41776699 3 -0.28915545 0.43984199 0.85025185
3 0.37904647 0.86820573 -0.32022282 3 -0.87904096 0.22969079 -0.41776699 3 -0.28915545 0.43984199 0.85025185
3 0.34916356 0.93525362 0.058185268 3 0.70807499 -0.30400127 0.63734859 3 0.61377096 -0.18133932 -0.76837581
3 0.34916356 0.93525362 0.058185268 3 0.70807499 -0.30400127 0.63734859 3 0.61377096 -0.18133932 -0.76837581
3 -0.78623557 0.55234069 -0.27704421 3 0.27815667 0.71670699 0.6394999 3 0.55178142 0.42573577 -0.71713763
3 -0.78623557 0.55234069 -0.27704421 3 0.27815667 0.71670699 0.6394999 3 0.55178142 0.42573577 -0.71713763
3 -0.094352387 -0.98493171 -0.14493902 3 -0.84879756 0.15566692 -0.50528288 3 0.52023125 0.075349107 -0.85069507
3 -0.094352387 -0.98493171 -0.14493902 3 -0.84879756 0.15566692 -0.50528288 3 0.52023125 0.075349107 -0.85069507
3 -0.58735543 0.80889821 -0.026408892 3 -0.60002208 -0.45712072 -0.65651685 3 -0.54312742 -0.36976257 0.75384903
3 -0.58735543 0.80889821 -0.026408892 3 -0.60002208 -0.45712072 -0.65651685 3 -0.54312742 -0.36976257 0.75384903
3 -0.82556278 0.046970762 -0.56235218 3 -0.25308484 -0.921507 0.29457259 3 -0.50437498 0.38551092 0.77264947
3 -0.82556278 0.046970762 -0.56235218 3 -0.25308484 -0.921507 0.29457259 3 -0.50437498 0.38551092 0.77264947
3 -0.72545737 0.044248808 -0.68684328 3 -0.15791987 -0.98200935 0.10353364 3 -0.66990525 0.18357544 0.71939367
3 -0.72545737 0.044248808 -0.68684328 3 -0.15791987 -0.98200935 0.10353364 3 -0.66990525 0.18357544 0.71939367
3 -0.079764411 -0.71583134 -0.69370258 3 0.81129456 -0.45096472 0.37206471 3 -0.57917088 -0.53311938 0.61672103
3 -0.079764411 -0.71583134 -0.69370258 3 0.81129456 -0.45096472 0.37206471 3 -0.57917088 -0.53311938 0.61672103
3 0.77686995 0.30105802 0.55302548 3 -0.085044742 0.92041135 -0.38158917 3 -0.62389159 0.24941318 0.7406432
3 0.77686995 0.30105802 0.55302548 3 -0.085044742 0.92041135 -0.38158917 3 -0.62389159 0.24941318 0.7406432
3 -0.49317262 0.56385648 -0.66245502 3 0.61645132 0.76382309 0.19121252 3 0.61381489 -0.31407055 -0.72428662
3 -0.49317262 0.56385648 -0.66245502 3 0.61645132 0.76382309 0.19121252 3 0.61381489 -0.31407055 -0.72428662
3 0.084701896 -0.95907563 0.27018419 3 -0.73155105 -0.24395907 -0.63664514 3 0.67650473 -0.14372846 -0.72227663
3 0.084701896 -0.95907563 0.27018419 3 -0.73155105 -0.24395907 -0.63664514 3 0.67650473 -0.14372846 -0.72227663
3 -0.49418831 -0.48673359 -0.72032523 3 0.60036182 -0.79034352 0.12215999 3 -0.62876374 -0.37208578 0.68279463
3 -0.49418831 -0.48673359 -0.72032523 3 0.60036182 -0.79034352 0.12215999 3 -0.62876374 -0.37208578 0.68279463
3 -0.48361561 0.66560203 -0.5684101 3 -0.67127621 -0.69879162 -0.24714103 3 -0.56169754 0.26203871 0.78474939
3 -0.48361561 0.66560203 -0.5684101 3 -0.67127621 -0.69879162 -0.24714103 3 -0.56169754 0.26203871 0.78474939
3 -0.48903382 -0.83257884 -0.26011255 3 -0.55769718 0.52773547 -0.64067876 3 0.67068607 -0.16824964 -0.72240728
3 -0.48903382 -0.83257884 -0.26011255 3 -0.55769718 0.52773547 -0.64067876 3 0.67068607 -0.16824964 -0.72240728
3 -0.64657629 0.74937189 -0.14276232 3 0.33689418 0.44840515 0.8279103 3 0.68442786 0.48721135 -0.54238707
3 -0.64657629 0.74937189 -0.14276232 3 0.33689418 0.44840515 0.8279103 3 0.68442786 0.48721135 -0.54238707
3 0.32346979 -0.75578052 0.56935334 3 0.68720448 0.60126424 0.40771496 3 -0.65047473 0.25937867 0.71386653
3 0.32346979 -0.75578052 0.56935334 3 0.68720448 0.60126424 0.40771496 3 -0.65047473 0.25937867 0.71386653
3 -0.57610542 0.37228212 -0.72767347 3 -0.42238253 -0.89777112 -0.12490116 3 -0.69978255 0.23540026 0.6744563
3 -0.57610542 0.37228212 -0.72767347 3 -0.42238253 -0.89777112 -0.12490116 3 -0.69978255 0.23540026 0.6744563
3 -0.37229902 0.9205454 0.1182777 3 -0.59170622 -0.13723764 -0.79438627 3 -0.71503645 -0.36573485 0.59578592
3 -0.37229902 0.9205454 0.1182777 3 -0.59170622 -0.13723764 -0.79438627 3 -0.71503645 -0.36573485 0.59578592
0 0 0 1 0 0 0 1 0 0 0 1 0 0 0 0 0 294 1 0 0
