# .PCD v0.7 - Point Cloud Data file format
VERSION 0.7
FIELDS x_axis y_axis z_axis
SIZE 4 4 4
TYPE F F F
COUNT 3 3 3
WIDTH 170
HEIGHT 1
VIEWPOINT 0 0 0 1 0 0 0
POINTS 170
DATA ascii
-0.051615603 -0.90888977 -0.41383022 0.85288984 0.17545451 -0.4917264 0.51953334 -0.37833241 0.76612645
-0.051615603 -0.90888977 -0.41383022 0.85288984 0.17545451 -0.4917264 0.51953334 -0.37833241 0.76612645
-0.00016771263 -0.88345063 -0.4685244 0.90258515 0.20157148 -0.38040671 0.43051162 -0.42294672 0.79735565
-0.00016771263 -0.88345063 -0.4685244 0.90258515 0.20157148 -0.38040671 0.43051162 -0.42294672 0.79735565
-0.30368808 0.73023772 0.61198568 -0.90640759 -0.41936207 0.050603837 0.29359645 -0.53934073 0.78924817
-0.30368808 0.73023772 0.61198568 -0.90640759 -0.41936207 0.050603837 0.29359645 -0.53934073 0.78924817
-0.33968478 0.70798159 0.61917388 -0.92629683 -0.36595374 -0.089733183 0.16305955 -0.60401982 0.78011006
-0.33968478 0.70798159 0.61917388 -0.92629683 -0.36595374 -0.089733183 0.16305955 -0.60401982 0.78011006
-0.99582833 -0.047324985 0.078015678 -0.0033358745 0.87330049 0.48717096 -0.091186456 0.4848783 -0.86981505
-0.99582833 -0.047324985 0.078015678 -0.0033358745 0.87330049 0.48717096 -0.091186456 0.4848783 -0.86981505
0.40862098 -0.6646663 -0.62549794 0.89790773 0.4156509 0.14490026 0.16367848 -0.62084872 0.76665264
0.40862098 -0.6646663 -0.62549794 0.89790773 0.4156509 0.14490026 0.16367848 -0.62084872 0.76665264
-0.1420967 0.85750616 -0.494461 -0.9880023 -0.15339836 0.017901991 -0.060498439 0.49107245 0.86901551
-0.1420967 0.85750616 -0.494461 -0.9880023 -0.15339836 0.017901991 -0.060498439 0.49107245 0.86901551
-0.066624559 0.75699162 0.65001905 0.99068058 0.12775256 -0.047235478 -0.11879846 0.64081419 -0.75844848
-0.066624559 0.75699162 0.65001905 0.99068058 0.12775256 -0.047235478 -0.11879846 0.64081419 -0.75844848
0.43052983 -0.75621998 -0.49272242 0.8826893 0.46673453 0.054939851 0.18842395 -0.45857403 0.86845046
0.43052983 -0.75621998 -0.49272242 0.8826893 0.46673453 0.054939851 0.18842395 -0.45857403 0.86845046
-0.40172276 0.77486295 -0.48806396 -0.91208607 -0.3862516 0.13751002 -0.081964001 0.50039703 0.86190766
-0.40172276 0.77486295 -0.48806396 -0.91208607 -0.3862516 0.13751002 -0.081964001 0.50039703 0.86190766
0.84596729 0.46170539 0.26677236 -0.52122116 0.61038643 0.59645373 0.11255164 -0.64362776 0.75701755
0.84596729 0.46170539 0.26677236 -0.52122116 0.61038643 0.59645373 0.11255164 -0.64362776 0.75701755
-0.34688091 0.7870025 -0.51019675 0.93681693 0.31697643 -0.14798734 0.045253791 -0.52929455 -0.84723049
-0.34688091 0.7870025 -0.51019675 0.93681693 0.31697643 -0.14798734 0.045253791 -0.52929455 -0.84723049
-0.5479511 0.79191673 -0.26947656 0.82905567 0.47120565 -0.30105168 -0.111429 -0.38837263 -0.91474062
-0.5479511 0.79191673 -0.26947656 0.82905567 0.47120565 -0.30105168 -0.111429 -0.38837263 -0.91474062
0.98893034 -0.094849825 0.11410648 0.13428362 0.89925462 -0.41630417 -0.063124411 0.42701846 0.90203696
0.98893034 -0.094849825 0.11410648 0.13428362 0.89925462 -0.41630417 -0.063124411 0.42701846 0.90203696
-0.29008535 -0.8360486 -0.46569657 -0.95189875 0.20188996 0.23049787 -0.098687984 0.51015991 -0.85439897
-0.29008535 -0.8360486 -0.46569657 -0.95189875 0.20188996 0.23049787 -0.098687984 0.51015991 -0.85439897
0.50315619 0.76574075 -0.40059319 0.86407608 -0.43806785 0.24792939 0.014362659 -0.47089022 -0.88207489
0.50315619 0.76574075 -0.40059319 0.86407608 -0.43806785 0.24792939 0.014362659 -0.47089022 -0.88207489
-0.58105958 0.73257881 -0.35453936 0.81010723 0.47882336 -0.33831143 -0.078078151 -0.48379382 -0.8716923
-0.58105958 0.73257881 -0.35453936 0.81010723 0.47882336 -0.33831143 -0.078078151 -0.48379382 -0.8716923
0.94167054 -0.15142654 -0.30054384 -0.30580944 -0.75783414 -0.57634032 -0.14048915 0.63463181 -0.75993776
0.94167054 -0.15142654 -0.30054384 -0.30580944 -0.75783414 -0.57634032 -0.14048915 0.63463181 -0.75993776
0.63129681 0.45487824 -0.62813234 0.5843277 -0.81151783 -0.00041009486 -0.50992703 -0.36677614 -0.77810651
0.63129681 0.45487824 -0.62813234 0.5843277 -0.81151783 -0.00041009486 -0.50992703 -0.36677614 -0.77810651
-0.180958 0.75740856 0.62736481 -0.98349094 -0.13933299 -0.1154648 -4.1447376e-05 -0.63790166 0.77011794
-0.180958 0.75740856 0.62736481 -0.98349094 -0.13933299 -0.1154648 -4.1447376e-05 -0.63790166 0.77011794
-0.72860342 0.66934687 0.14529981 -0.50575471 -0.66881144 0.54488873 0.46189743 0.32352182 0.82582349
-0.72860342 0.66934687 0.14529981 -0.50575471 -0.66881144 0.54488873 0.46189743 0.32352182 0.82582349
-0.0067741778 0.84942281 -0.52766943 0.97067392 -0.12122165 -0.20759958 -0.24030477 -0.51360136 -0.82369125
-0.0067741778 0.84942281 -0.52766943 0.97067392 -0.12122165 -0.20759958 -0.24030477 -0.51360136 -0.82369125
0.95988619 -0.066351101 -0.27242643 -0.049485013 0.91625869 -0.39751926 0.27598888 0.39505422 0.87622058
0.95988619 -0.066351101 -0.27242643 -0.049485013 0.91625869 -0.39751926 0.27598888 0.39505422 0.87622058
0.96165669 -0.19976903 -0.18790647 0.23760931 0.94903117 0.20707929 0.13696109 -0.2437875 0.96010906
0.96165669 -0.19976903 -0.18790647 0.23760931 0.94903117 0.20707929 0.13696109 -0.2437875 0.96010906
-0.028120026 0.84157133 0.53941369 0.99396157 0.080798671 -0.074242875 -0.10606457 0.53406858 -0.83876157
-0.028120026 0.84157133 0.53941369 0.99396157 0.080798671 -0.074242875 -0.10606457 0.53406858 -0.83876157
0.25107077 0.8095696 0.5306229 0.96784914 -0.21857581 -0.12446939 0.015214675 0.54481345 -0.8384192
0.25107077 0.8095696 0.5306229 0.96784914 -0.21857581 -0.12446939 0.015214675 0.54481345 -0.8384192
0.0022978275 0.99298429 -0.11822447 -0.98997551 0.01895472 0.13996212 0.14122108 0.11671767 0.98307359
0.0022978275 0.99298429 -0.11822447 -0.98997551 0.01895472 0.13996212 0.14122108 0.11671767 0.98307359
0.94829696 0.12706146 -0.29084066 0.24504778 -0.87548381 0.41650924 -0.20170408 -0.46624428 -0.86135471
0.94829696 0.12706146 -0.29084066 0.24504778 -0.87548381 0.41650924 -0.20170408 -0.46624428 -0.86135471
0.41136631 -0.80848438 -0.42086896 -0.91144985 -0.36180088 -0.19585523 0.0060750959 0.46416929 -0.88572568
0.41136631 -0.80848438 -0.42086896 -0.91144985 -0.36180088 -0.19585523 0.0060750959 0.46416929 -0.88572568
0.17453679 -0.64222759 -0.74637836 0.98399246 0.14147352 0.10836957 0.035994828 -0.75334513 0.65663952
0.17453679 -0.64222759 -0.74637836 0.98399246 0.14147352 0.10836957 0.035994828 -0.75334513 0.65663952
0.074538074 0.92683232 -0.36800259 -0.95941532 0.16729482 0.22701271 0.27196765 0.33614615 0.90168703
0.074538074 0.92683232 -0.36800259 -0.95941532 0.16729482 0.22701271 0.27196765 0.33614615 0.90168703
0.53714681 -0.71978843 0.43974757 -0.82273769 -0.33216602 0.46126837 -0.1859464 -0.60956573 -0.77061898
0.53714681 -0.71978843 0.43974757 -0.82273769 -0.33216602 0.46126837 -0.1859464 -0.60956573 -0.77061898
0.94277632 -0.13895634 -0.3030906 0.044215418 -0.84888864 0.52671939 -0.33048126 -0.50997984 -0.79416806
0.94277632 -0.13895634 -0.3030906 0.044215418 -0.84888864 0.52671939 -0.33048126 -0.50997984 -0.79416806
0.90650219 -0.11779804 -0.40543491 -0.039538935 0.93238211 -0.35930532 0.4203456 0.3417415 0.84054881
0.90650219 -0.11779804 -0.40543491 -0.039538935 0.93238211 -0.35930532 0.4203456 0.3417415 0.84054881
0.88621879 0.093195125 -0.45379618 0.22508904 -0.94278252 0.24595934 -0.4049091 -0.32011834 -0.85648865
0.88621879 0.093195125 -0.45379618 0.22508904 -0.94278252 0.24595934 -0.4049091 -0.32011834 -0.85648865
0.16398643 -0.8877843 0.43005553 0.97695428 0.085775599 -0.19545618 0.13663457 0.45219681 0.88139033
0.16398643 -0.8877843 0.43005553 0.97695428 0.085775599 -0.19545618 0.13663457 0.45219681 0.88139033
-0.52958238 -0.61060852 0.58881229 0.83061922 -0.51410902 0.21392545 0.17208897 0.60236984 0.77944607
-0.52958238 -0.61060852 0.58881229 0.83061922 -0.51410902 0.21392545 0.17208897 0.60236984 0.77944607
-0.29513845 0.732521 -0.61343807 0.91612053 0.034637645 -0.39940393 -0.27132371 -0.67986274 -0.6813004
-0.29513845 0.732521 -0.61343807 0.91612053 0.034637645 -0.39940393 -0.27132371 -0.67986274 -0.6813004
-0.94590282 -0.26427627 0.18821771 -0.15104932 0.87210804 0.46541572 -0.28714454 0.41180786 -0.8648482
-0.94590282 -0.26427627 0.18821771 -0.15104932 0.87210804 0.46541572 -0.28714454 0.41180786 -0.8648482
-0.66201061 0.47798511 0.57729739 0.72817791 0.59257931 0.34439343 -0.17747977 0.64836746 -0.74035174
-0.66201061 0.47798511 0.57729739 0.72817791 0.59257931 0.34439343 -0.17747977 0.64836746 -0.74035174
0.95294285 -0.26384974 -0.14927641 0.11310741 0.76631463 -0.63243091 0.28125927 0.58578616 0.76009727
0.95294285 -0.26384974 -0.14927641 0.11310741 0.76631463 -0.63243091 0.28125927 0.58578616 0.76009727
-0.046194259 0.95039147 -0.30760729 -0.97796357 0.019736223 0.20784111 0.20360141 0.31042984 0.92853642
-0.046194259 0.95039147 -0.30760729 -0.97796357 0.019736223 0.20784111 0.20360141 0.31042984 0.92853642
-0.71275055 -0.40274006 0.57427102 -0.66624677 0.64472955 -0.37475228 -0.21932182 -0.64971113 -0.72785544
-0.71275055 -0.40274006 0.57427102 -0.66624677 0.64472955 -0.37475228 -0.21932182 -0.64971113 -0.72785544
0.27007654 -0.87284356 0.4064514 0.96180314 0.22499391 -0.15592507 0.044649117 0.43303791 0.90026927
0.27007654 -0.87284356 0.4064514 0.96180314 0.22499391 -0.15592507 0.044649117 0.43303791 0.90026927
-0.1123592 0.8433907 0.52542144 -0.98860776 -0.041586112 -0.1446569 -0.10015203 -0.53568912 0.83845508
-0.1123592 0.8433907 0.52542144 -0.98860776 -0.041586112 -0.1446569 -0.10015203 -0.53568912 0.83845508
0.53549188 -0.67125696 -0.51250607 -0.84419465 -0.4428083 -0.30208665 -0.0241642 0.5944199 -0.80379182
0.53549188 -0.67125696 -0.51250607 -0.84419465 -0.4428083 -0.30208665 -0.0241642 0.5944199 -0.80379182
-0.81387019 -0.52680993 0.24512611 -0.57976466 0.7642836 -0.2823894 -0.038580447 -0.3719438 -0.92745322
-0.81387019 -0.52680993 0.24512611 -0.57976466 0.7642836 -0.2823894 -0.038580447 -0.3719438 -0.92745322
0.38356233 -0.8226862 -0.41960415 -0.9119395 -0.26568958 -0.31269109 0.14576218 0.50258988 -0.85214835
0.38356233 -0.8226862 -0.41960415 -0.9119395 -0.26568958 -0.31269109 0.14576218 0.50258988 -0.85214835
0.95447981 0.06016751 0.29214439 -0.1203862 0.97383362 0.19275759 -0.27290225 -0.21915333 0.93674767
0.95447981 0.06016751 0.29214439 -0.1203862 0.97383362 0.19275759 -0.27290225 -0.21915333 0.93674767
0.40777659 -0.82023799 0.40115848 -0.85788804 -0.19373558 0.47591507 -0.31264487 -0.53821594 -0.782673
0.40777659 -0.82023799 0.40115848 -0.85788804 -0.19373558 0.47591507 -0.31264487 -0.53821594 -0.782673
0.31078291 0.57596737 -0.75609237 0.88086349 -0.47336811 0.0014716834 -0.35706231 -0.66647142 -0.65446335
0.31078291 0.57596737 -0.75609237 0.88086349 -0.47336811 0.0014716834 -0.35706231 -0.66647142 -0.65446335
0.57877862 -0.78163213 0.23252189 -0.77237082 -0.43393889 0.4638322 -0.26164591 -0.44804928 -0.85486448
0.57877862 -0.78163213 0.23252189 -0.77237082 -0.43393889 0.4638322 -0.26164591 -0.44804928 -0.85486448
-0.87745839 0.41633704 0.23818105 -0.47821701 -0.72095871 -0.50152487 -0.037084691 -0.55396944 0.83171076
-0.87745839 0.41633704 0.23818105 -0.47821701 -0.72095871 -0.50152487 -0.037084691 -0.55396944 0.83171076
0.87830234 -0.47564369 0.048459519 0.44276208 0.77093923 -0.45783713 0.18040799 0.42357534 0.88771451
0.87830234 -0.47564369 0.048459519 0.44276208 0.77093923 -0.45783713 0.18040799 0.42357534 0.88771451
0.28996202 0.95637822 0.035533626 0.95215589 -0.29202944 0.090099201 0.096545786 0.0077081998 -0.99529868
0.28996202 0.95637822 0.035533626 0.95215589 -0.29202944 0.090099201 0.096545786 0.0077081998 -0.99529868
-0.37699324 -0.52357513 0.76403224 -0.77915859 0.62527835 0.044033065 -0.50078744 -0.57870209 -0.64367366
-0.37699324 -0.52357513 0.76403224 -0.77915859 0.62527835 0.044033065 -0.50078744 -0.57870209 -0.64367366
-0.60741532 -0.39049056 0.69178313 -0.65139401 0.74327791 -0.15239413 -0.45467854 -0.54318982 -0.70584154
-0.60741532 -0.39049056 0.69178313 -0.65139401 0.74327791 -0.15239413 -0.45467854 -0.54318982 -0.70584154
-0.68817258 0.52535218 0.50042343 -0.72418767 -0.53955817 -0.42945242 0.044393837 -0.65793788 0.75176263
-0.68817258 0.52535218 0.50042343 -0.72418767 -0.53955817 -0.42945242 0.044393837 -0.65793788 0.75176263
0.78575629 -0.60412759 -0.13272913 0.31532764 0.57585162 -0.75429678 0.53212386 0.55084014 0.64297706
0.78575629 -0.60412759 -0.13272913 0.31532764 0.57585162 -0.75429678 0.53212386 0.55084014 0.64297706
-0.5891723 0.7967875 -0.13418604 0.79550928 0.54290789 -0.26910263 -0.14156692 -0.26529402 -0.95371795
-0.5891723 0.7967875 -0.13418604 0.79550928 0.54290789 -0.26910263 -0.14156692 -0.26529402 -0.95371795
0.78683436 -0.013738085 -0.61701143 -0.31982011 0.84596574 -0.42668158 0.52783221 0.53306031 0.66124111
0.78683436 -0.013738085 -0.61701143 -0.31982011 0.84596574 -0.42668158 0.52783221 0.53306031 0.66124111
-0.89548969 0.31312445 0.31630918 -0.44482058 -0.65400362 -0.61189407 0.015268342 -0.68864548 0.72493756
-0.89548969 0.31312445 0.31630918 -0.44482058 -0.65400362 -0.61189407 0.015268342 -0.68864548 0.72493756
0.87934315 -0.31905234 -0.35349846 -0.47588944 -0.61510897 -0.62862557 -0.016875731 0.72100389 -0.69272554
0.87934315 -0.31905234 -0.35349846 -0.47588944 -0.61510897 -0.62862557 -0.016875731 0.72100389 -0.69272554
-0.49955854 0.5972988 0.62743556 0.86623347 0.35194811 0.35464382 -0.0089963693 0.72067094 -0.69321901
-0.49955854 0.5972988 0.62743556 0.86623347 0.35194811 0.35464382 -0.0089963693 0.72067094 -0.69321901
0.92202365 0.23806439 -0.30528295 -0.28994098 0.94717896 -0.13706255 0.25652805 0.21488899 0.94234604
0.92202365 0.23806439 -0.30528295 -0.28994098 0.94717896 -0.13706255 0.25652805 0.21488899 0.94234604
0.88606763 0.011162633 -0.46342182 -0.2366377 0.87053066 -0.43148509 0.39860603 0.49198791 0.77399051
0.88606763 0.011162633 -0.46342182 -0.2366377 0.87053066 -0.43148509 0.39860603 0.49198791 0.77399051
-0.088466704 -0.87611747 -0.47391143 -0.98946619 0.022562295 0.14299631 -0.11458902 0.48156956 -0.86888444
-0.088466704 -0.87611747 -0.47391143 -0.98946619 0.022562295 0.14299631 -0.11458902 0.48156956 -0.86888444
-0.78304499 0.41412732 0.46404648 0.61972916 0.58271348 0.52571946 -0.052691359 0.6992451 -0.71293759
-0.78304499 0.41412732 0.46404648 0.61972916 0.58271348 0.52571946 -0.052691359 0.6992451 -0.71293759
-0.072857685 -0.71320361 -0.69716018 -0.99542499 0.0086761788 0.095152415 -0.061814364 0.70090324 -0.71057284
-0.072857685 -0.71320361 -0.69716018 -0.99542499 0.0086761788 0.095152415 -0.061814364 0.70090324 -0.71057284
-0.52268976 0.82744843 -0.2052424 -0.84257221 -0.464719 0.27222854 0.12987493 0.3152228 0.94008893
-0.52268976 0.82744843 -0.2052424 -0.84257221 -0.464719 0.27222854 0.12987493 0.3152228 0.94008893
0.95953763 -0.14961044 -0.23854619 -0.23333283 -0.89668089 -0.37619045 -0.15761782 0.41662955 -0.89530802
0.95953763 -0.14961044 -0.23854619 -0.23333283 -0.89668089 -0.37619045 -0.15761782 0.41662955 -0.89530802
-0.069328658 0.92788625 -0.36636165 -0.98650193 -0.0091548376 0.16349475 0.14835054 0.37275103 0.91599613
-0.069328658 0.92788625 -0.36636165 -0.98650193 -0.0091548376 0.16349475 0.14835054 0.37275103 0.91599613
-0.9939419 0.10022657 0.045103453 -0.094627455 -0.98911697 0.11266545 0.055904642 0.10771487 0.99260879
-0.9939419 0.10022657 0.045103453 -0.094627455 -0.98911697 0.11266545 0.055904642 0.10771487 0.99260879
-0.37254271 -0.85115975 -0.36978227 0.92516059 -0.30940998 -0.21987136 0.072731398 -0.42401934 0.90272802
-0.37254271 -0.85115975 -0.36978227 0.92516059 -0.30940998 -0.21987136 0.072731398 -0.42401934 0.90272802
0.16760358 0.91648179 0.36327702 -0.98559362 0.16424598 0.040356435 -0.022680866 -0.36480743 0.93080676
0.16760358 0.91648179 0.36327702 -0.98559362 0.16424598 0.040356435 -0.022680866 -0.36480743 0.93080676
-0.98701334 -0.15995571 -0.014792243 -0.15647224 0.97816664 -0.13677171 0.036346693 -0.13268092 -0.99049217
-0.98701334 -0.15995571 -0.014792243 -0.15647224 0.97816664 -0.13677171 0.036346693 -0.13268092 -0.99049217
0.48685881 -0.65888518 -0.57344472 0.8728931 0.39107984 0.29174381 0.032036863 -0.6425938 0.76553708
0.48685881 -0.65888518 -0.57344472 0.8728931 0.39107984 0.29174381 0.032036863 -0.6425938 0.76553708
-0.73431963 -0.57944328 -0.35358194 0.66850519 -0.70771414 -0.2285645 -0.11779474 -0.40421072 0.90704918
-0.73431963 -0.57944328 -0.35358194 0.66850519 -0.70771414 -0.2285645 -0.11779474 -0.40421072 0.90704918
0.90699762 -0.042562015 0.41897938 -0.12762481 0.9203164 0.36976978 -0.40133184 -0.38885248 0.82929283
0.90699762 -0.042562015 0.41897938 -0.12762481 0.9203164 0.36976978 -0.40133184 -0.38885248 0.82929283
-0.89401525 -0.21414948 -0.39354408 0.25998187 -0.963328 -0.066400647 -0.36489245 -0.16167752 0.91690463
-0.89401525 -0.21414948 -0.39354408 0.25998187 -0.963328 -0.066400647 -0.36489245 -0.16167752 0.91690463
-0.68663514 -0.65999269 0.30486381 0.72295022 -0.66408509 0.19061533 0.076650761 0.3512845 0.93312591
-0.68663514 -0.65999269 0.30486381 0.72295022 -0.66408509 0.19061533 0.076650761 0.3512845 0.93312591
0.16492061 -0.98179394 -0.094243534 -0.93335074 -0.12446316 -0.33669782 0.318838 0.14349075 -0.93688464
0.16492061 -0.98179394 -0.094243534 -0.93335074 -0.12446316 -0.33669782 0.318838 0.14349075 -0.93688464
-0.22723556 0.86839491 0.44074297 0.95782906 0.11756919 0.26218531 0.17586258 0.48173422 -0.85848969
-0.22723556 0.86839491 0.44074297 0.95782906 0.11756919 0.26218531 0.17586258 0.48173422 -0.85848969
-0.35909778 -0.79086846 -0.49555624 0.91249555 -0.40899858 -0.0084976107 -0.19596125 -0.45524418 0.86853439
-0.35909778 -0.79086846 -0.49555624 0.91249555 -0.40899858 -0.0084976107 -0.19596125 -0.45524418 0.86853439
-0.42602652 -0.89173305 -0.15268788 0.78919971 -0.4488185 0.41919684 -0.44234082 0.058087759 0.89496404
-0.42602652 -0.89173305 -0.15268788 0.78919971 -0.4488185 0.41919684 -0.44234082 0.058087759 0.89496404
