# .PCD v0.7 - Point Cloud Data file format
VERSION 0.7
FIELDS x_axis y_axis z_axis
SIZE 4 4 4
TYPE F F F
COUNT 3 3 3
WIDTH 226
HEIGHT 1
VIEWPOINT 0 0 0 1 0 0 0
POINTS 226
DATA ascii
0.12161314 0.95929742 -0.25486979 0.83563441 -0.23752272 -0.49527571 -0.53565413 -0.15274613 -0.83050787
0.12161314 0.95929742 -0.25486979 0.83563441 -0.23752272 -0.49527571 -0.53565413 -0.15274613 -0.83050787
0.36084604 0.8811236 -0.30563271 -0.80414373 0.45994121 0.3765727 0.47238016 0.1098879 0.87451798
0.36084604 0.8811236 -0.30563271 -0.80414373 0.45994121 0.3765727 0.47238016 0.1098879 0.87451798
0.25953174 -0.96467185 -0.045295596 0.82541507 0.24592622 -0.50814408 0.50133157 0.094491795 0.86008018
0.25953174 -0.96467185 -0.045295596 0.82541507 0.24592622 -0.50814408 0.50133157 0.094491795 0.86008018
0.81439382 -0.08322183 -0.5743143 -0.046600968 -0.99584627 0.078223042 -0.57843846 -0.036940768 -0.81488925
0.81439382 -0.08322183 -0.5743143 -0.046600968 -0.99584627 0.078223042 -0.57843846 -0.036940768 -0.81488925
-0.1631019 -0.9854995 -0.046782393 0.84128952 -0.11415157 -0.52839535 0.51539302 -0.12553987 0.84770864
-0.1631019 -0.9854995 -0.046782393 0.84128952 -0.11415157 -0.52839535 0.51539302 -0.12553987 0.84770864
-0.7655406 -0.64082122 -0.05740935 0.56161559 -0.62204331 -0.54557317 0.31390393 -0.44990018 0.83609456
-0.7655406 -0.64082122 -0.05740935 0.56161559 -0.62204331 -0.54557317 0.31390393 -0.44990018 0.83609456
0.37375337 -0.72873312 -0.57380879 -0.74133414 -0.60649741 0.28737557 -0.55743355 0.31797633 -0.7669152
0.37375337 -0.72873312 -0.57380879 -0.74133414 -0.60649741 0.28737557 -0.55743355 0.31797633 -0.7669152
-0.60981333 0.7923336 0.01831164 -0.70177335 -0.5505628 0.45210063 0.36829615 0.26284638 0.89177901
-0.60981333 0.7923336 0.01831164 -0.70177335 -0.5505628 0.45210063 0.36829615 0.26284638 0.89177901
0.91717666 0.014811144 -0.3982054 -0.091072202 0.98065114 -0.17328928 0.38793388 0.19520234 0.90077931
0.91717666 0.014811144 -0.3982054 -0.091072202 0.98065114 -0.17328928 0.38793388 0.19520234 0.90077931
0.086876817 -0.90316796 -0.42040479 -0.90717798 -0.24611098 0.34125876 -0.41168016 0.35173458 -0.84071529
0.086876817 -0.90316796 -0.42040479 -0.90717798 -0.24611098 0.34125876 -0.41168016 0.35173458 -0.84071529
0.68832743 -0.22978356 -0.68804437 -0.2842041 -0.9581008 0.03565228 -0.66740811 0.17100456 -0.7247923
0.68832743 -0.22978356 -0.68804437 -0.2842041 -0.9581008 0.03565228 -0.66740811 0.17100456 -0.7247923
-0.10399002 -0.99327731 0.050855037 -0.75961584 0.11232527 0.64059883 -0.64200455 0.02798569 -0.76618993
-0.10399002 -0.99327731 0.050855037 -0.75961584 0.11232527 0.64059883 -0.64200455 0.02798569 -0.76618993
-0.67655975 -0.60199451 0.42411041 0.59730911 -0.78546697 -0.16206047 0.43068421 0.14368142 0.89099199
-0.67655975 -0.60199451 0.42411041 0.59730911 -0.78546697 -0.16206047 0.43068421 0.14368142 0.89099199
-0.78492832 0.22507311 0.57726061 0.11098234 0.96769255 -0.22639407 -0.60956591 -0.11363735 -0.78454822
-0.78492832 0.22507311 0.57726061 0.11098234 0.96769255 -0.22639407 -0.60956591 -0.11363735 -0.78454822
-0.64078993 0.76322985 0.082876414 0.65550506 0.60012639 -0.45843396 -0.39962679 -0.23943393 -0.88485593
-0.64078993 0.76322985 0.082876414 0.65550506 0.60012639 -0.45843396 -0.39962679 -0.23943393 -0.88485593
0.69833136 0.26613516 -0.66445881 -0.12235948 0.95902908 0.25552207 0.7052387 -0.097136229 0.70228416
0.69833136 0.26613516 -0.66445881 -0.12235948 0.95902908 0.25552207 0.7052387 -0.097136229 0.70228416
-0.21062227 -0.97492892 0.07177712 -0.61440963 0.18913014 0.76598352 -0.76035464 0.11723258 -0.63884068
-0.21062227 -0.97492892 0.07177712 -0.61440963 0.18913014 0.76598352 -0.76035464 0.11723258 -0.63884068
-0.49262547 0.71547151 0.49539948 -0.48663461 -0.69842422 0.52477658 0.72146165 0.017439758 0.69223475
-0.49262547 0.71547151 0.49539948 -0.48663461 -0.69842422 0.52477658 0.72146165 0.017439758 0.69223475
-0.73215872 -0.64994127 -0.20376453 -0.56989008 0.42068237 0.70586944 -0.37305343 0.63293195 -0.67840129
-0.73215872 -0.64994127 -0.20376453 -0.56989008 0.42068237 0.70586944 -0.37305343 0.63293195 -0.67840129
0.51763016 0.73956126 -0.43024191 -0.70474267 0.65368021 0.27575302 0.4851768 0.16047163 0.85956514
0.51763016 0.73956126 -0.43024191 -0.70474267 0.65368021 0.27575302 0.4851768 0.16047163 0.85956514
0.76575333 0.21670848 -0.60552394 -0.27217251 0.96224844 0.0001822859 0.58270383 0.16466735 0.79582715
0.76575333 0.21670848 -0.60552394 -0.27217251 0.96224844 0.0001822859 0.58270383 0.16466735 0.79582715
0.34991619 -0.63920802 -0.68481517 0.632007 0.70067936 -0.33108258 0.69146645 -0.31695679 0.64916295
0.34991619 -0.63920802 -0.68481517 0.632007 0.70067936 -0.33108258 0.69146645 -0.31695679 0.64916295
0.39170608 0.90262109 -0.17844248 -0.77899283 0.42854643 0.45773181 0.48962915 -0.040290963 0.87099946
0.39170608 0.90262109 -0.17844248 -0.77899283 0.42854643 0.45773181 0.48962915 -0.040290963 0.87099946
-0.61088854 0.7413488 0.27787983 0.47220111 0.62289429 -0.62372184 -0.63548517 -0.24980927 -0.73058462
-0.61088854 0.7413488 0.27787983 0.47220111 0.62289429 -0.62372184 -0.63548517 -0.24980927 -0.73058462
0.80741042 -0.087452509 -0.58347291 0.029244173 0.99367005 -0.10846585 0.58926511 0.070513263 0.8048569
0.80741042 -0.087452509 -0.58347291 0.029244173 0.99367005 -0.10846585 0.58926511 0.070513263 0.8048569
-0.81771684 0.43835479 0.37307411 -0.31763279 -0.88413918 0.34264761 0.48005044 0.16168825 0.86221141
-0.81771684 0.43835479 0.37307411 -0.31763279 -0.88413918 0.34264761 0.48005044 0.16168825 0.86221141
-0.73564643 -0.504942 0.45150626 -0.56854737 0.82262599 -0.0063597113 -0.36820948 -0.26138118 -0.89224535
-0.73564643 -0.504942 0.45150626 -0.56854737 0.82262599 -0.0063597113 -0.36820948 -0.26138118 -0.89224535
-0.74006957 -0.47820109 0.47288552 -0.5160135 0.85469913 0.056741372 -0.43130851 -0.20202267 -0.87929517
-0.74006957 -0.47820109 0.47288552 -0.5160135 0.85469913 0.056741372 -0.43130851 -0.20202267 -0.87929517
-0.26488823 -0.9618324 0.068649232 0.85012317 -0.26653749 -0.4541457 0.4551096 -0.06193763 0.8882786
-0.26488823 -0.9618324 0.068649232 0.85012317 -0.26653749 -0.4541457 0.4551096 -0.06193763 0.8882786
0.67160106 0.39983171 0.62376815 -0.7171284 0.13919003 0.68290049 0.18622297 -0.90595847 0.38021085
0.67160106 0.39983171 0.62376815 -0.7171284 0.13919003 0.68290049 0.18622297 -0.90595847 0.38021085
0.87491578 0.094603486 -0.47494498 -0.17023319 0.97822344 -0.11874293 0.45336887 0.18474145 0.87196755
0.87491578 0.094603486 -0.47494498 -0.17023319 0.97822344 -0.11874293 0.45336887 0.18474145 0.87196755
-0.82861322 0.17754531 0.5309217 -0.12349927 -0.9829849 0.13597339 0.54602957 0.047100868 0.83644086
-0.82861322 0.17754531 0.5309217 -0.12349927 -0.9829849 0.13597339 0.54602957 0.047100868 0.83644086
0.47292003 0.76039785 -0.44513139 -0.83112919 0.55270725 0.061149999 0.29252565 0.34104261 0.89337492
0.47292003 0.76039785 -0.44513139 -0.83112919 0.55270725 0.061149999 0.29252565 0.34104261 0.89337492
-0.027843423 -0.98701102 0.15822119 0.93369293 -0.082206741 -0.34851056 0.35699064 0.13802618 0.92385417
-0.027843423 -0.98701102 0.15822119 0.93369293 -0.082206741 -0.34851056 0.35699064 0.13802618 0.92385417
-0.6973207 0.64575279 0.31104231 -0.45708466 -0.73490125 0.50099277 0.55210274 0.20718004 0.80762547
-0.6973207 0.64575279 0.31104231 -0.45708466 -0.73490125 0.50099277 0.55210274 0.20718004 0.80762547
-0.05693496 -0.90341932 0.42496118 0.82481766 -0.28239208 -0.4898271 0.56252491 0.32262719 0.76123416
-0.05693496 -0.90341932 0.42496118 0.82481766 -0.28239208 -0.4898271 0.56252491 0.32262719 0.76123416
0.83422387 0.44068211 -0.33146623 -0.5452891 0.74869603 -0.37698022 0.082039088 0.49523085 0.86487913
0.83422387 0.44068211 -0.33146623 -0.5452891 0.74869603 -0.37698022 0.082039088 0.49523085 0.86487913
-0.35202622 0.91998392 -0.17235795 0.84035867 0.2295669 -0.49101567 -0.41215879 -0.31769291 -0.85392994
-0.35202622 0.91998392 -0.17235795 0.84035867 0.2295669 -0.49101567 -0.41215879 -0.31769291 -0.85392994
-0.84542197 0.12231176 0.51990527 -0.041133188 -0.98544443 0.1649465 0.53251261 0.11806404 0.83814752
-0.84542197 0.12231176 0.51990527 -0.041133188 -0.98544443 0.1649465 0.53251261 0.11806404 0.83814752
-0.81651688 0.40465111 0.41177398 0.30716839 0.90841323 -0.28360766 -0.48882318 -0.10508639 -0.86603057
-0.81651688 0.40465111 0.41177398 0.30716839 0.90841323 -0.28360766 -0.48882318 -0.10508639 -0.86603057
0.92470229 -0.019943494 -0.38016829 -0.24964882 -0.78568494 -0.56601655 -0.28740415 0.61830533 -0.73150355
0.92470229 -0.019943494 -0.38016829 -0.24964882 -0.78568494 -0.56601655 -0.28740415 0.61830533 -0.73150355
0.20871419 0.81865394 -0.53501785 -0.97507292 0.13206792 -0.1782999 -0.075307228 0.55889511 0.8258118
0.20871419 0.81865394 -0.53501785 -0.97507292 0.13206792 -0.1782999 -0.075307228 0.55889511 0.8258118
-0.13880925 -0.8821277 0.45009181 0.81043559 -0.36238581 -0.46029407 0.56914508 0.30087727 0.76521027
-0.13880925 -0.8821277 0.45009181 0.81043559 -0.36238581 -0.46029407 0.56914508 0.30087727 0.76521027
-0.8076244 0.053347003 0.58727926 -0.05129268 0.98577023 -0.16008246 -0.58746237 -0.15940961 -0.7933957
-0.8076244 0.053347003 0.58727926 -0.05129268 0.98577023 -0.16008246 -0.58746237 -0.15940961 -0.7933957
0.87373531 -0.48603699 -0.018833039 -0.40726787 -0.75220561 0.51799577 -0.26593137 -0.44492114 -0.85517585
0.87373531 -0.48603699 -0.018833039 -0.40726787 -0.75220561 0.51799577 -0.26593137 -0.44492114 -0.85517585
0.14975163 -0.98338342 -0.10262315 -0.81830233 -0.18152615 0.54537106 -0.55493766 0.002306592 -0.83188879
0.14975163 -0.98338342 -0.10262315 -0.81830233 -0.18152615 0.54537106 -0.55493766 0.002306592 -0.83188879
0.85721034 0.50698555 -0.090311594 -0.42306757 0.59333301 -0.68481374 -0.29360569 0.62523735 0.72310024
0.85721034 0.50698555 -0.090311594 -0.42306757 0.59333301 -0.68481374 -0.29360569 0.62523735 0.72310024
-0.99822736 0.058899805 -0.008546235 0.054601815 0.84916627 -0.5252955 -0.023682633 -0.52483088 -0.85087699
-0.99822736 0.058899805 -0.008546235 0.054601815 0.84916627 -0.5252955 -0.023682633 -0.52483088 -0.85087699
-0.89424437 -0.23807541 0.37900817 -0.42707092 0.70726019 -0.56337696 -0.13393117 -0.66565996 -0.73413849
-0.89424437 -0.23807541 0.37900817 -0.42707092 0.70726019 -0.56337696 -0.13393117 -0.66565996 -0.73413849
0.32726943 0.72288454 -0.60854965 -0.89986241 0.041903839 -0.43415654 -0.28834438 0.68969727 0.66421026
0.32726943 0.72288454 -0.60854965 -0.89986241 0.041903839 -0.43415654 -0.28834438 0.68969727 0.66421026
0.86913013 -0.23792143 0.433597 0.36578166 0.89929348 -0.23974027 -0.33289146 0.36696723 0.86863023
0.86913013 -0.23792143 0.433597 0.36578166 0.89929348 -0.23974027 -0.33289146 0.36696723 0.86863023
0.97360992 -0.20544788 0.099372663 0.21002737 0.97695899 -0.03794368 -0.089287542 0.057813313 0.99432659
0.97360992 -0.20544788 0.099372663 0.21002737 0.97695899 -0.03794368 -0.089287542 0.057813313 0.99432659
0.62728363 0.72969419 -0.27214271 -0.73947811 0.44844812 -0.50206208 -0.24430987 0.51617897 0.82089704
0.62728363 0.72969419 -0.27214271 -0.73947811 0.44844812 -0.50206208 -0.24430987 0.51617897 0.82089704
-0.79978019 0.19051756 -0.56925809 0.49087313 0.75341594 -0.43750218 0.34553638 -0.62933904 -0.69608694
-0.79978019 0.19051756 -0.56925809 0.49087313 0.75341594 -0.43750218 0.34553638 -0.62933904 -0.69608694
0.18607938 0.83298397 -0.52106827 -0.95999992 0.041207865 -0.27695161 -0.20922412 0.55176049 0.80733246
0.18607938 0.83298397 -0.52106827 -0.95999992 0.041207865 -0.27695161 -0.20922412 0.55176049 0.80733246
0.20140095 0.62753117 -0.75209194 0.97830522 -0.16692406 0.12269982 -0.048544228 -0.76048714 -0.64753586
0.20140095 0.62753117 -0.75209194 0.97830522 -0.16692406 0.12269982 -0.048544228 -0.76048714 -0.64753586
-0.31486997 0.71815467 -0.62057298 -0.92521417 -0.37810361 0.031882286 -0.2117445 0.58420175 0.78350019
-0.31486997 0.71815467 -0.62057298 -0.92521417 -0.37810361 0.031882286 -0.2117445 0.58420175 0.78350019
-0.36134496 -0.90287679 0.23290196 0.92717934 -0.32144421 0.19238588 -0.098835632 0.28545985 0.95328087
-0.36134496 -0.90287679 0.23290196 0.92717934 -0.32144421 0.19238588 -0.098835632 0.28545985 0.95328087
-0.53546923 0.60814273 -0.58603334 0.80144322 0.5847615 -0.12547021 0.26638603 -0.53685796 -0.80051368
-0.53546923 0.60814273 -0.58603334 0.80144322 0.5847615 -0.12547021 0.26638603 -0.53685796 -0.80051368
-0.93493378 -0.32853711 0.1340239 0.34341323 -0.74282312 0.57470113 -0.089254633 0.58333296 0.80731422
-0.93493378 -0.32853711 0.1340239 0.34341323 -0.74282312 0.57470113 -0.089254633 0.58333296 0.80731422
-0.87144959 0.37026906 -0.32167771 -0.40932831 -0.91034281 0.061046317 -0.27023351 0.18487062 0.94487929
-0.87144959 0.37026906 -0.32167771 -0.40932831 -0.91034281 0.061046317 -0.27023351 0.18487062 0.94487929
-0.81267917 -0.57926244 0.063306704 -0.48710608 0.61569548 -0.6193924 0.31981301 -0.53420436 -0.78252506
-0.81267917 -0.57926244 0.063306704 -0.48710608 0.61569548 -0.6193924 0.31981301 -0.53420436 -0.78252506
-0.64424586 0.51320559 -0.56706905 -0.68784142 -0.71296638 0.13621038 -0.33439723 0.47780657 0.81232971
-0.64424586 0.51320559 -0.56706905 -0.68784142 -0.71296638 0.13621038 -0.33439723 0.47780657 0.81232971
-0.2736212 0.73333931 -0.62237042 0.93395579 0.35723972 0.010327995 0.22990938 -0.57844055 -0.78265476
-0.2736212 0.73333931 -0.62237042 0.93395579 0.35723972 0.010327995 0.22990938 -0.57844055 -0.78265476
-0.99419808 -0.10060511 0.038064532 0.10502951 -0.83156013 0.54541427 -0.023218481 0.54624766 0.83730191
-0.99419808 -0.10060511 0.038064532 0.10502951 -0.83156013 0.54541427 -0.023218481 0.54624766 0.83730191
-0.37677988 -0.88691825 0.26723221 -0.83913475 0.20463461 -0.5039621 0.39228812 -0.41412666 -0.82134598
-0.37677988 -0.88691825 0.26723221 -0.83913475 0.20463461 -0.5039621 0.39228812 -0.41412666 -0.82134598
0.86212289 -0.48156571 0.15760279 0.50434369 0.78559333 -0.35844198 0.048801623 0.38850701 0.92015254
0.86212289 -0.48156571 0.15760279 0.50434369 0.78559333 -0.35844198 0.048801623 0.38850701 0.92015254
-0.46758828 -0.83822179 0.28061613 0.8052913 -0.27303728 0.52626675 -0.36450952 0.47205406 0.80268168
-0.46758828 -0.83822179 0.28061613 0.8052913 -0.27303728 0.52626675 -0.36450952 0.47205406 0.80268168
-0.79521972 -0.58656937 -0.15349945 -0.44259319 0.7346065 -0.51426125 0.41441143 -0.34101292 -0.84378511
-0.79521972 -0.58656937 -0.15349945 -0.44259319 0.7346065 -0.51426125 0.41441143 -0.34101292 -0.84378511
-0.12446118 0.0074538621 -0.99219656 0.94540477 0.30443946 -0.11630452 0.30119681 -0.95250261 -0.044937808
-0.12446118 0.0074538621 -0.99219656 0.94540477 0.30443946 -0.11630452 0.30119681 -0.95250261 -0.044937808
-0.89160335 -0.43532541 0.12464072 -0.44349349 0.78394186 -0.43445235 0.091417097 -0.44263649 -0.89202911
-0.89160335 -0.43532541 0.12464072 -0.44349349 0.78394186 -0.43445235 0.091417097 -0.44263649 -0.89202911
-0.83606386 0.40518945 -0.36989045 -0.54146051 -0.71805555 0.43728369 -0.088419035 0.56587803 0.81973422
-0.83606386 0.40518945 -0.36989045 -0.54146051 -0.71805555 0.43728369 -0.088419035 0.56587803 0.81973422
0.56479639 0.09535002 -0.81970328 0.64197171 -0.67490882 0.36382765 -0.51853395 -0.73171479 -0.44239813
0.56479639 0.09535002 -0.81970328 0.64197171 -0.67490882 0.36382765 -0.51853395 -0.73171479 -0.44239813
-0.94682944 -0.17056857 -0.27280134 0.22710863 -0.95492023 -0.19117852 -0.22789446 -0.24296895 0.94288397
-0.94682944 -0.17056857 -0.27280134 0.22710863 -0.95492023 -0.19117852 -0.22789446 -0.24296895 0.94288397
0.5964216 -0.55424517 0.58059764 0.61003959 0.78309536 0.12088583 -0.52166367 0.28208858 0.80516648
0.5964216 -0.55424517 0.58059764 0.61003959 0.78309536 0.12088583 -0.52166367 0.28208858 0.80516648
0.55384338 0.82238209 0.13017416 -0.68906939 0.54047936 -0.4827688 -0.46737683 0.17767924 0.86601913
0.55384338 0.82238209 0.13017416 -0.68906939 0.54047936 -0.4827688 -0.46737683 0.17767924 0.86601913
-0.84978139 -0.37694705 -0.36848697 -0.19819678 0.87622011 -0.43926832 0.48845658 -0.30024904 -0.81930512
-0.84978139 -0.37694705 -0.36848697 -0.19819678 0.87622011 -0.43926832 0.48845658 -0.30024904 -0.81930512
-0.80021214 -0.037956782 -0.59851474 0.19154641 0.92954588 -0.31504712 0.56830519 -0.36674783 -0.73656321
-0.80021214 -0.037956782 -0.59851474 0.19154641 0.92954588 -0.31504712 0.56830519 -0.36674783 -0.73656321
-0.92836583 -0.17500967 -0.32788512 0.19119583 -0.9813956 -0.01752428 -0.31871831 -0.078959249 0.94455504
-0.92836583 -0.17500967 -0.32788512 0.19119583 -0.9813956 -0.01752428 -0.31871831 -0.078959249 0.94455504
0.69289595 -0.074778125 -0.71714967 0.34244087 -0.84115136 0.4185676 -0.63453108 -0.53560501 -0.55722308
0.69289595 -0.074778125 -0.71714967 0.34244087 -0.84115136 0.4185676 -0.63453108 -0.53560501 -0.55722308
-0.14797103 0.79854631 -0.58346248 -0.93007612 -0.31293961 -0.19242445 -0.33624834 0.51419127 0.78901482
-0.14797103 0.79854631 -0.58346248 -0.93007612 -0.31293961 -0.19242445 -0.33624834 0.51419127 0.78901482
0.76271051 0.56811887 0.30905277 -0.36211422 0.77106833 -0.52376223 -0.53586006 0.28756654 0.79382586
0.76271051 0.56811887 0.30905277 -0.36211422 0.77106833 -0.52376223 -0.53586006 0.28756654 0.79382586
-0.29407036 0.84550762 -0.44569004 0.81729394 0.46420884 0.34138119 0.49553353 -0.26386949 -0.82753825
-0.29407036 0.84550762 -0.44569004 0.81729394 0.46420884 0.34138119 0.49553353 -0.26386949 -0.82753825
0.74863285 0.59302932 0.29642066 -0.37164956 0.74562705 -0.55309772 -0.54902238 0.30390242 0.77859986
0.74863285 0.59302932 0.29642066 -0.37164956 0.74562705 -0.55309772 -0.54902238 0.30390242 0.77859986
0.21333507 -0.85232365 0.47752771 -0.85274559 -0.4009771 -0.33472764 0.47677386 -0.33580032 -0.81235766
0.21333507 -0.85232365 0.47752771 -0.85274559 -0.4009771 -0.33472764 0.47677386 -0.33580032 -0.81235766
0.22255518 0.92213917 -0.31643128 -0.86507869 0.037119567 -0.50026131 -0.4495647 0.38507357 0.80598396
0.22255518 0.92213917 -0.31643128 -0.86507869 0.037119567 -0.50026131 -0.4495647 0.38507357 0.80598396
0.64429539 0.74468273 0.17415859 0.58358425 -0.62590981 0.5173651 0.49428028 -0.23169984 -0.83785582
0.64429539 0.74468273 0.17415859 0.58358425 -0.62590981 0.5173651 0.49428028 -0.23169984 -0.83785582
0.35100618 0.91502064 -0.1988264 0.75611657 -0.15172037 0.63660723 0.55234271 -0.37378889 -0.74511701
0.35100618 0.91502064 -0.1988264 0.75611657 -0.15172037 0.63660723 0.55234271 -0.37378889 -0.74511701
-0.90876979 -0.19668303 -0.36803985 0.17325038 -0.98018551 0.096025355 -0.3796339 0.023501888 0.9248383
-0.90876979 -0.19668303 -0.36803985 0.17325038 -0.98018551 0.096025355 -0.3796339 0.023501888 0.9248383
0.072155356 0.72798508 0.68178552 -0.99594206 0.089453191 0.0098886862 -0.053789072 -0.67973232 0.73148531
0.072155356 0.72798508 0.68178552 -0.99594206 0.089453191 0.0098886862 -0.053789072 -0.67973232 0.73148531
-0.89388156 0.21059862 0.39575744 -0.40663433 -0.75255764 -0.51798224 0.1887439 -0.62394333 0.7583341
-0.89388156 0.21059862 0.39575744 -0.40663433 -0.75255764 -0.51798224 0.1887439 -0.62394333 0.7583341
0.64278251 0.76315993 0.066464536 -0.54291719 0.51504743 -0.6633001 -0.54043657 0.39027289 0.74539614
0.64278251 0.76315993 0.066464536 -0.54291719 0.51504743 -0.6633001 -0.54043657 0.39027289 0.74539614
-0.12369647 0.8564195 -0.50124335 -0.85548508 -0.3479948 -0.38346457 -0.50283659 0.38137293 0.77569985
-0.12369647 0.8564195 -0.50124335 -0.85548508 -0.3479948 -0.38346457 -0.50283659 0.38137293 0.77569985
-0.77055675 -0.51447028 -0.3762483 -0.21798587 0.76743478 -0.60293132 0.59893614 -0.38257593 -0.7034992
-0.77055675 -0.51447028 -0.3762483 -0.21798587 0.76743478 -0.60293132 0.59893614 -0.38257593 -0.7034992
0.60496998 0.79606092 0.017270062 -0.66769761 0.51899773 -0.53368652 -0.43381017 0.31133309 0.84550607
0.60496998 0.79606092 0.017270062 -0.66769761 0.51899773 -0.53368652 -0.43381017 0.31133309 0.84550607
-0.50535387 0.48515403 -0.71361262 0.64077818 0.76486462 0.066222772 0.57794529 -0.42380151 -0.69740349
-0.50535387 0.48515403 -0.71361262 0.64077818 0.76486462 0.066222772 0.57794529 -0.42380151 -0.69740349
0.94822949 0.032109812 0.31595877 -0.21979192 0.78448123 0.57989734 -0.22924328 -0.61932081 0.7509256
0.94822949 0.032109812 0.31595877 -0.21979192 0.78448123 0.57989734 -0.22924328 -0.61932081 0.7509256
-0.88378221 0.068667881 -0.46283236 -0.19846043 -0.95079887 0.23789705 -0.42372444 0.30210307 0.85392696
-0.88378221 0.068667881 -0.46283236 -0.19846043 -0.95079887 0.23789705 -0.42372444 0.30210307 0.85392696
-0.56608433 -0.73600048 0.37128413 -0.78059733 0.33381331 -0.52842867 0.2649841 -0.58895856 -0.76348639
-0.56608433 -0.73600048 0.37128413 -0.78059733 0.33381331 -0.52842867 0.2649841 -0.58895856 -0.76348639
-0.2649011 0.69079357 -0.67277914 0.78148353 0.56253183 0.26989177 0.56489909 -0.45427102 -0.68885911
-0.2649011 0.69079357 -0.67277914 0.78148353 0.56253183 0.26989177 0.56489909 -0.45427102 -0.68885911
-0.63349456 -0.7529676 -0.17811333 -0.42747405 0.53246456 -0.73058021 0.64494234 -0.38667974 -0.65918756
-0.63349456 -0.7529676 -0.17811333 -0.42747405 0.53246456 -0.73058021 0.64494234 -0.38667974 -0.65918756
-0.0047270833 0.98465723 -0.1744357 -0.86492044 -0.091574848 -0.49348435 -0.50188684 0.14854038 0.85208303
-0.0047270833 0.98465723 -0.1744357 -0.86492044 -0.091574848 -0.49348435 -0.50188684 0.14854038 0.85208303
-0.37097278 0.52196252 -0.76807183 -0.67756963 -0.7177335 -0.16049291 -0.63504213 0.46088362 0.61992556
-0.37097278 0.52196252 -0.76807183 -0.67756963 -0.7177335 -0.16049291 -0.63504213 0.46088362 0.61992556
-0.88879716 0.44965309 -0.088610433 0.26004544 0.65400553 0.71038961 0.37738058 0.6083495 -0.69820839
-0.88879716 0.44965309 -0.088610433 0.26004544 0.65400553 0.71038961 0.37738058 0.6083495 -0.69820839
-0.33620474 0.68408161 -0.6473012 0.64587575 0.66769612 0.37017104 0.68542767 -0.29362291 -0.66631418
-0.33620474 0.68408161 -0.6473012 0.64587575 0.66769612 0.37017104 0.68542767 -0.29362291 -0.66631418
-0.36397898 0.78200835 -0.50594699 -0.75188613 -0.56729507 -0.33592194 -0.54971486 0.25814584 0.79446471
-0.36397898 0.78200835 -0.50594699 -0.75188613 -0.56729507 -0.33592194 -0.54971486 0.25814584 0.79446471
-0.27910966 -0.81149107 0.51340067 0.88750184 -0.013851091 0.46059602 -0.36665827 0.58420092 0.72406554
-0.27910966 -0.81149107 0.51340067 0.88750184 -0.013851091 0.46059602 -0.36665827 0.58420092 0.72406554
-0.38828567 -0.60684007 -0.69352686 0.7936523 -0.60268235 0.083007544 -0.46834862 -0.51818848 0.7156328
-0.38828567 -0.60684007 -0.69352686 0.7936523 -0.60268235 0.083007544 -0.46834862 -0.51818848 0.7156328
-0.095292471 -0.89474863 0.4362846 0.88191253 0.12738687 0.45387539 -0.46168131 0.42801583 0.77695101
-0.095292471 -0.89474863 0.4362846 0.88191253 0.12738687 0.45387539 -0.46168131 0.42801583 0.77695101
-0.44272703 -0.52000982 -0.73046744 0.68185794 -0.72428942 0.10234633 -0.58229083 -0.45276347 0.67523527
-0.44272703 -0.52000982 -0.73046744 0.68185794 -0.72428942 0.10234633 -0.58229083 -0.45276347 0.67523527
0.20651339 0.90487027 0.37223932 -0.7586391 0.38833934 -0.52312469 -0.61791509 -0.17436303 0.76666719
0.20651339 0.90487027 0.37223932 -0.7586391 0.38833934 -0.52312469 -0.61791509 -0.17436303 0.76666719
0.16914552 0.82826 0.53420532 -0.74346888 0.46305063 -0.48253337 -0.64702708 -0.31554663 0.69410837
0.16914552 0.82826 0.53420532 -0.74346888 0.46305063 -0.48253337 -0.64702708 -0.31554663 0.69410837
-0.58072311 -0.3033329 -0.75547993 0.50370431 -0.86291605 -0.040718332 -0.63956445 -0.40418449 0.65390533
-0.58072311 -0.3033329 -0.75547993 0.50370431 -0.86291605 -0.040718332 -0.63956445 -0.40418449 0.65390533
