ply
format ascii 1.0
comment PCL generated
element vertex 336
property list uint float x_axis
property list uint float y_axis
property list uint float z_axis
element camera 1
property float view_px
property float view_py
property float view_pz
property float x_axisx
property float x_axisy
property float x_axisz
property float y_axisx
property float y_axisy
property float y_axisz
property float z_axisx
property float z_axisy
property float z_axisz
property float focal
property float scalex
property float scaley
property float centerx
property float centery
property int viewportx
property int viewporty
property float k1
property float k2
end_header
3 0.20262063 0.89211953 -0.40381637 3 0.87305045 -0.35134757 -0.33813879 3 -0.44353929 -0.28403461 -0.85005724
3 0.77880347 -0.44324926 -0.44384167 3 -0.36575803 -0.89573425 0.25274757 3 -0.50959069 -0.034504052 -0.85972482
3 0.74050796 0.45406204 -0.495455 3 0.28770632 -0.88044584 -0.37688231 3 -0.60734802 0.13653956 -0.78261447
3 -0.89724702 0.11337873 0.42672375 3 -0.18235338 0.78503418 -0.59200406 3 -0.40211582 -0.60898805 -0.68369335
3 0.42076376 -0.77828836 -0.46607405 3 -0.306126 -0.60544604 0.73465765 3 -0.85395831 -0.16643983 -0.49300402
3 0.52678412 -0.22860299 -0.81868142 3 -0.061903656 -0.97091585 0.23127972 3 -0.8477416 -0.071155243 -0.52561486
3 0.081868812 -0.96760464 -0.23882775 3 -0.47842714 -0.24837181 0.84227008 3 -0.87430263 0.045306593 -0.48326212
3 -0.69034272 0.26772386 0.67212415 3 -0.10390264 0.88269407 -0.45831817 3 -0.7159844 -0.38623142 -0.58154255
3 0.079462834 -0.85513991 0.51227087 3 -0.67314762 0.33299616 0.66029227 3 -0.73522651 -0.39730227 -0.54917473
3 -0.74961483 0.62653434 0.21338287 3 0.42128593 0.70030946 -0.5762682 3 -0.51048803 -0.3420822 -0.78891188
3 -0.80964494 0.093269773 0.57946163 3 0.23618333 0.95560151 0.17619096 3 -0.53730053 0.27951124 -0.79572713
3 -0.58955187 -0.79364085 -0.15020894 3 -0.75262129 0.47223347 0.45886451 3 -0.29324025 0.38357449 -0.87571728
3 -0.79516721 -0.37577042 0.47592622 3 -0.15247779 0.88353741 0.44284576 3 -0.58690661 0.27956837 -0.75985676
3 0.81680775 -0.3725397 -0.44049892 3 -0.087480053 -0.83470023 0.54371208 3 -0.5702368 -0.40557429 -0.7143805
3 0.3012836 0.9516167 -0.060447853 3 0.87450463 -0.30102661 -0.38029566 3 -0.38009226 0.061714303 -0.92288744
3 0.59943038 0.78098941 0.17532447 3 0.75828362 -0.48394293 -0.43681258 3 -0.25629988 0.39478329 -0.88230187
3 -0.86947519 0.35525528 0.34322974 3 0.13334528 0.83783144 -0.52939355 3 -0.47563353 -0.41452852 -0.77584714
3 -0.97483683 -0.044465255 0.21843962 3 0.060756277 0.88981062 0.45226738 3 -0.21448149 0.45415846 -0.86471838
3 -0.96334398 0.095381409 0.25074047 3 0.15771082 0.95744568 0.24171305 3 -0.2170113 0.27239689 -0.93739331
3 -0.94481379 -0.040232163 0.32512817 3 -0.18454204 0.88535637 -0.42671806 3 -0.27068865 -0.46316901 -0.84392065
3 -0.37217966 0.91925228 0.12828745 3 0.87597859 0.39357537 -0.27885517 3 -0.30682984 0.0085949441 -0.95172566
3 -0.79499793 -0.43168202 0.42617956 3 -0.5962438 0.68541348 -0.41797382 3 -0.11167579 -0.58639431 -0.8022908
3 -0.94530845 0.31373191 0.089242525 3 0.32600623 0.89988804 0.28969213 3 0.010574589 0.30294296 -0.95295006
3 -0.93660808 -0.31498268 0.15346433 3 -0.18286732 0.81305474 0.55272222 3 -0.2988762 0.48961934 -0.81911302
3 -0.67389005 -0.70460993 -0.22225444 3 -0.57772505 0.31502205 0.7529906 3 -0.46054986 0.63583463 -0.61936116
3 0.88693589 -0.46147385 -0.019663995 3 -0.312078 -0.63010097 0.71104181 3 -0.34051648 -0.62451226 -0.70287496
3 0.30695638 -0.8923139 -0.33098888 3 -0.95038849 -0.26897606 -0.15624917 3 0.050395872 0.36252782 -0.93060952
3 -0.85055149 0.36159658 -0.38185093 3 0.49604768 0.79276508 -0.35420358 3 0.1746363 -0.49068338 -0.85365796
3 0.60190868 0.64272124 -0.47393608 3 0.78557956 -0.58315784 0.20686175 3 -0.143425 -0.49682626 -0.8559165
3 0.98420757 0.17462401 -0.029015988 3 0.1653039 -0.96528339 -0.20224407 3 -0.063327238 0.19425336 -0.9789052
3 0.83733916 -0.54518187 -0.04049499 3 -0.46458977 -0.74868417 0.47289357 3 -0.28812993 -0.37715942 -0.88018852
3 -0.48309126 -0.87338877 -0.061765548 3 -0.84192055 0.44399932 0.30665022 3 -0.2404018 0.20014022 -0.94981617
3 0.18153986 0.96344143 0.19703804 3 0.93647587 -0.10822941 -0.33361581 3 -0.30009377 0.24508689 -0.92188728
3 0.73654544 0.53479487 -0.41411972 3 0.6609323 -0.43891677 0.60870385 3 0.14376925 -0.72204208 -0.67674637
3 0.51339275 -0.75394523 -0.40987137 3 -0.85760152 -0.43362695 -0.27656341 3 0.030781118 0.4934938 -0.86920446
3 -0.88170505 0.37471467 -0.2866793 3 0.46426037 0.79727876 -0.38575736 3 0.084013239 -0.47321761 -0.87693036
3 0.753115 0.64630485 0.12291399 3 0.54835355 -0.51344562 -0.66006207 3 -0.363491 0.56450355 -0.74108702
3 0.88382655 0.4562324 0.10345391 3 0.34541813 -0.4872905 -0.80201888 3 -0.31549346 0.74458116 -0.58827102
3 0.94002467 0.32085574 -0.11578109 3 0.31982559 -0.71103936 0.62620658 3 0.11859312 -0.62568069 -0.77101189
3 -0.92761815 0.29557115 -0.22839059 3 0.37348294 0.72422683 -0.57966042 3 -0.0059258211 -0.62300307 -0.78219712
3 -0.18807222 0.81004524 -0.55538785 3 0.97086161 0.23883915 0.01958707 3 0.14851516 -0.53552264 -0.83135957
3 0.28521422 -0.90471125 -0.31646568 3 -0.94128495 -0.32662651 0.085427336 3 -0.18065386 0.27352154 -0.9447487
3 -0.97663218 0.15061517 0.15331231 3 0.21490905 0.6907891 0.6903801 3 -0.0019255009 0.70719576 -0.70701528
3 0.94037306 0.29783961 -0.16428664 3 0.19637167 -0.86974299 -0.45275307 3 -0.27773762 0.3934947 -0.8763696
3 0.77680278 0.43666667 0.45376167 3 0.61938512 -0.39962327 -0.67576861 3 -0.11375085 0.80599278 -0.58089268
3 -0.97821814 -0.033897448 0.20479314 3 -0.14230242 0.82777786 -0.54270989 3 -0.15112482 -0.56003112 -0.81457138
3 0.90778863 -0.28028995 0.31202134 3 -0.41576752 -0.69941938 0.58133465 3 0.055288881 -0.65745652 -0.75146133
3 0.24648583 0.8362987 0.48974404 3 0.96863842 -0.19622655 -0.15242989 3 -0.031375308 0.51195949 -0.85843647
3 0.42598313 -0.89030468 -0.16092181 3 -0.89469969 -0.44095621 0.071204826 3 -0.13435286 0.11364336 -0.98439556
3 0.98335546 0.047334861 -0.17541812 3 0.0050431937 -0.97220683 -0.23406945 3 -0.18162529 0.22928864 -0.95626301
3 0.92794436 0.35376102 -0.11735644 3 0.34435803 -0.69325578 0.63309884 3 0.14260964 -0.62789232 -0.76512337
3 -0.82246524 -0.56740963 -0.039966524 3 -0.56581664 0.82331258 -0.044812545 3 0.058332212 -0.014242897 -0.99819571
3 0.13674963 0.7608729 0.63432789 3 0.97318077 0.01638829 -0.22945786 3 -0.1849837 0.64869475 -0.73822528
3 -0.85469103 -0.484081 -0.18753341 3 -0.51772678 0.82141876 0.23922798 3 0.038236462 0.30155635 -0.9526813
3 0.83805472 0.23537099 -0.49220395 3 0.50551742 -0.67433918 0.53825533 3 -0.20522323 -0.69990528 -0.68411702
3 0.51740062 -0.50908405 -0.6878444 3 -0.83072233 -0.49175292 -0.26092046 3 -0.20541908 0.7064082 -0.67734081
3 0.045512095 0.90629411 0.42019004 3 0.98561585 0.027792588 -0.16670005 3 -0.16275732 0.4217352 -0.89199185
3 -0.98859149 0.14952224 -0.018163137 3 0.13622363 0.93901879 0.31573212 3 0.064268656 0.30965525 -0.94867444
3 0.84686404 0.18060733 -0.50020206 3 0.41287559 -0.81611264 0.40434369 3 -0.33519793 -0.54894632 -0.76570255
3 0.47833768 -0.8208614 0.31205708 3 -0.87815565 -0.44952655 0.16361095 3 0.0059752208 -0.35229459 -0.93587011
3 -0.87773848 -0.29032207 -0.38116705 3 -0.42309636 0.84298205 0.33222097 3 0.22486778 0.45287412 -0.86275113
3 0.24483296 0.80791771 0.53602779 3 0.96652627 -0.24711308 -0.069008455 3 0.076706171 0.53497994 -0.84137541
3 0.76208621 0.48685086 -0.42684984 3 0.64738941 -0.58370245 0.49007985 3 -0.010555746 -0.64982009 -0.76001471
3 0.021411892 0.96296555 0.26877269 3 0.9761188 -0.078265518 0.20264876 3 0.21617937 0.25801259 -0.94164538
3 0.92105305 -0.38722032 -0.041493203 3 -0.38026997 -0.87127084 -0.31029323 3 0.083999954 0.30157518 -0.94973493
3 -0.18342757 -0.86477721 -0.46745539 3 -0.98301935 0.16387545 0.082568526 3 0.0052011209 0.47466332 -0.88015205
3 -0.93817729 0.29108775 -0.18732654 3 0.2499319 0.94403958 0.21522804 3 0.23949243 0.15510365 -0.95842898
3 -0.89793479 -0.27810329 -0.34113306 3 -0.34567547 0.9253819 0.15548858 3 0.27243564 0.25753966 -0.92706627
3 -0.21049003 0.85200697 0.47935155 3 0.93966591 0.041071728 0.33961904 3 0.2696709 0.52191335 -0.80924922
3 0.95114785 -0.18534516 -0.24691077 3 0.038529739 -0.72223467 0.69057411 3 -0.3063201 -0.66635185 -0.67981118
3 -0.38728866 -0.88179767 0.26914766 3 -0.8887437 0.43472636 0.1454232 3 -0.24523816 -0.1828797 -0.95205748
3 0.8433677 0.39570886 -0.36351803 3 0.48318985 -0.85445184 0.19089164 3 -0.23507191 -0.33664045 -0.91181934
3 0.17646839 0.66652942 -0.72429103 3 0.82239509 -0.50416881 -0.26359105 3 -0.54085612 -0.54913789 -0.63712037
3 0.88729089 -0.37941802 -0.26221508 3 -0.43804181 -0.87119871 -0.22165777 3 -0.14433806 0.31153506 -0.93920839
3 -0.20891009 0.63952267 -0.73984283 3 0.86450309 -0.23288739 -0.44541913 3 -0.45715559 -0.73264915 -0.50421643
3 0.61334914 0.71225196 0.34132093 3 0.77270532 -0.45168191 -0.4459933 3 -0.16349231 0.53728873 -0.82740027
3 -0.88368833 0.11814799 0.45291951 3 -0.18014345 0.80724484 -0.56205356 3 -0.43202305 -0.57827049 -0.69206882
3 0.44607475 0.88880044 0.10512444 3 0.88262379 -0.41740075 -0.21622185 3 -0.14829959 0.18923534 -0.97066844
3 -0.95778167 0.23818077 0.16101024 3 0.28553468 0.72275347 0.62936306 3 0.033533286 0.64876592 -0.76024914
3 -0.89528334 -0.2417853 -0.37417573 3 -0.31836629 0.93475372 0.15772891 3 0.31162789 0.26033765 -0.91384488
3 0.93244874 0.10773095 -0.34486744 3 0.15333463 -0.98228407 0.10773496 3 -0.32714731 -0.15333696 -0.93244976
3 0.99167424 -0.12211911 0.040856004 3 -0.10421477 -0.94745946 -0.30242324 3 0.075642802 0.29564729 -0.95229763
3 0.44867095 0.73955035 0.50175637 3 0.87942451 -0.46529198 -0.10057748 3 0.15908326 0.48638666 -0.8591395
3 0.50170803 0.30900538 -0.80796331 3 0.77367568 -0.5780772 0.25933149 3 -0.38692972 -0.75520986 -0.52909696
3 0.78235537 -0.62223017 0.027381908 3 -0.26083124 -0.28739721 0.92161274 3 -0.56558466 -0.72817147 -0.38714373
3 -0.35361406 -0.93432748 0.044601295 3 -0.90203547 0.35323614 0.24810527 3 -0.2475654 0.047504086 -0.96770591
3 0.90512127 -0.28122893 0.3188507 3 -0.19046035 -0.93871528 -0.28729492 3 0.38010412 0.19930883 -0.90321469
3 -0.91872889 0.19081742 -0.34572527 3 0.11262286 0.96575266 0.2337479 3 0.37848952 0.17581412 -0.90875477
3 -0.28023255 -0.71917218 0.63581526 3 -0.68259531 0.61499506 0.39477175 3 -0.67493176 -0.32337573 -0.66324604
3 0.92484814 -0.095034011 -0.36827236 3 -0.010450348 -0.97426397 0.2251682 3 -0.38019291 -0.20439783 -0.90203935
3 0.37082496 0.87219262 -0.31901249 3 0.88499051 -0.43601364 -0.16335183 3 -0.28156701 -0.2217457 -0.93356776
3 0.45384207 0.87415254 0.17287171 3 0.8587997 -0.37734416 -0.34651756 3 -0.23767842 0.30572385 -0.92197716
3 -0.42957202 -0.50736928 -0.74702352 3 -0.8827107 0.41043258 0.22883743 3 0.19049782 0.75770807 -0.6241706
3 0.90193462 -0.4184179 0.10695915 3 -0.35604638 -0.86058259 -0.36418211 3 0.24442925 0.29038531 -0.9251653
3 -0.087907113 -0.84220684 0.53193974 3 -0.79989141 0.37793893 0.46619305 3 -0.59367138 -0.38450864 -0.7069
3 -0.05392671 0.87648135 0.47840589 3 0.99717557 0.072350949 -0.020149957 3 -0.052274078 0.47596633 -0.87790853
3 -0.77118826 0.6347959 0.047987312 3 0.59995985 0.69951928 0.38822839 3 0.21287884 0.32818678 -0.92031318
3 0.65934879 -0.74897033 0.065594919 3 -0.71022028 -0.64910096 -0.27249804 3 0.24667092 0.13308409 -0.95991778
3 -0.65265357 0.74747735 -0.12377741 3 0.68671995 0.6526202 0.32015988 3 0.32009533 0.12394916 -0.93924195
3 0.39987534 0.80760378 -0.43344653 3 0.89086974 -0.45365652 -0.023389012 3 -0.21552446 -0.37679082 -0.90087622
3 -0.98090434 0.19396318 0.014315565 3 0.18710838 0.92102516 0.34161839 3 0.053077951 0.3377732 -0.93972975
3 0.7570917 0.65159595 -0.047274444 3 0.61659884 -0.73659182 -0.27791786 3 -0.21591491 0.18125753 -0.95944071
3 -0.47627425 -0.85325229 -0.2124227 3 -0.87702209 0.44360587 0.18451561 3 -0.063206606 0.27417907 -0.9595992
3 -0.16307306 0.92116177 0.35336673 3 0.9307366 0.024808936 0.36484766 3 0.32731658 0.38839123 -0.86140364
3 0.20432538 -0.71756178 0.66584998 3 -0.94454288 0.034115329 0.32661104 3 -0.25707927 -0.69565886 -0.67079723
3 -0.2415038 0.9645862 0.10606319 3 0.96757019 0.23101619 0.10217363 3 0.07405293 0.12729903 -0.98909611
3 0.91675103 -0.29856047 0.26538488 3 -0.21094535 -0.92600656 -0.31307206 3 0.33922413 0.2310258 -0.91189599
3 -0.98425627 0.14135213 0.10610954 3 0.063030556 0.84158248 -0.53643864 3 -0.16512467 -0.5213052 -0.83724248
3 -0.43570721 0.72690189 0.53082299 3 0.88120341 0.22431633 0.41612875 3 0.18341298 0.64907235 -0.73828518
3 -0.74672776 -0.53685886 0.39265773 3 -0.66508114 0.60980749 -0.43104717 3 -0.0080340216 -0.58302414 -0.812415
3 -0.75554931 0.43840903 -0.48676777 3 0.65138119 0.58174998 -0.48710325 3 0.069625534 -0.68510115 -0.72511292
3 -0.44244111 0.89112902 -0.10067264 3 0.8924762 0.44853309 0.048004009 3 0.087932549 -0.068608537 -0.99376094
3 -0.4311018 0.60033035 -0.67361331 3 0.81866318 -0.053668231 -0.57176101 3 -0.37939706 -0.79794943 -0.46833181
3 0.89887458 0.27628517 -0.34013379 3 0.4231703 -0.74886918 0.51002163 3 -0.11380401 -0.60237986 -0.79005527
3 -0.53634089 -0.81378716 -0.22380583 3 -0.8407352 0.49183246 0.22641835 3 -0.074177504 0.30960464 -0.94796765
3 0.74900246 0.55498379 0.36192298 3 0.64255118 -0.74168205 -0.19244671 3 0.16162823 0.37669805 -0.91212666
3 0.94675094 0.13372894 0.29288086 3 0.23369657 -0.911147 -0.33940667 3 0.22146867 0.38977879 -0.89388144
3 0.98450929 0.090679199 0.1500628 3 0.12427683 -0.96464127 -0.23242798 3 0.12368052 0.24747683 -0.96096748
3 0.16063133 -0.92204911 0.35216877 3 -0.97084177 -0.083273895 0.22479273 3 -0.17794426 -0.37800464 -0.90854198
3 0.94796443 -0.29363748 -0.12304673 3 -0.31504381 -0.9209255 -0.22944194 3 -0.045939311 0.25626642 -0.96551389
3 0.057649635 0.78625017 0.61521298 3 0.9752149 -0.17620897 0.1338131 3 0.21361694 0.5922544 -0.77691853
3 -0.65409428 0.045697086 0.75503153 3 -0.43937594 0.78955793 -0.42842418 3 -0.61571896 -0.61197239 -0.49636689
3 -0.52385575 0.78753668 -0.32459384 3 0.85176229 0.48039758 -0.20909169 3 -0.0087347776 -0.38600844 -0.922454
3 0.86689669 -0.48350421 0.12129987 3 -0.41164058 -0.83158755 -0.37284631 3 0.28114256 0.27328828 -0.91993082
3 -0.62146366 -0.78343052 0.004428199 3 -0.721766 0.57472765 0.3856709 3 -0.3046931 0.23648208 -0.92262578
3 -0.87210894 0.13641734 -0.4699108 3 0.35882455 0.83122134 -0.42463607 3 0.33267012 -0.53894418 -0.77386671
3 0.90133232 -0.43222922 -0.027896246 3 -0.4051055 -0.81847626 -0.40741405 3 0.1532608 0.37851772 -0.91281718
3 0.59811509 -0.67975706 0.42448628 3 -0.74739367 -0.66429561 -0.01067695 3 0.28924102 -0.31087106 -0.9053722
3 0.54654157 -0.81393647 -0.19697651 3 -0.82662934 -0.56201357 0.028714158 3 -0.13407487 0.14713293 -0.97998756
3 0.90616608 -0.42288706 -0.0054352824 3 -0.39451647 -0.84060323 -0.37113762 3 0.15237884 0.33845738 -0.92856205
3 -0.82949126 0.47404259 0.29534364 3 0.017021313 0.55000746 -0.83498633 3 -0.55826145 -0.68758613 -0.46429479
3 0.45965695 -0.73415005 -0.49973929 3 -0.88809609 -0.38057241 -0.257779 3 -0.00093940931 0.56230772 -0.82692748
3 -0.8631407 -0.5033567 -0.040251698 3 -0.43008593 0.69104278 0.5809356 3 -0.26460195 0.51874095 -0.81295377
3 -0.092571832 0.73892683 0.66739613 3 0.98566616 0.16295081 -0.043697905 3 -0.14104183 0.65378082 -0.74342322
3 -0.21459369 -0.52181745 -0.82562464 3 -0.97641218 0.093973577 0.19439201 3 -0.023850605 0.84786439 -0.52967644
3 -0.88640124 0.46257409 0.017834021 3 0.42269763 0.82449305 -0.37621528 3 -0.18873115 -0.32593945 -0.92636067
3 0.84900934 0.40445858 0.33999458 3 0.44839022 -0.89191049 -0.058667511 3 0.27951458 0.20225877 -0.93859631
3 -0.63016909 0.64023179 0.43930644 3 0.70929432 0.70484489 -0.0097625107 3 -0.31589535 0.30544776 -0.89828271
3 -0.9207834 -0.28118911 0.27035278 3 -0.37993383 0.80350554 -0.45828927 3 -0.088359408 -0.52469993 -0.84668916
3 0.86894196 -0.45035556 0.20523116 3 -0.48559406 -0.69572109 0.52931154 3 -0.095592402 -0.55960119 -0.82323056
3 -0.93371123 -0.35774127 0.014299023 3 -0.35029903 0.90457529 -0.24296962 3 0.073983192 -0.23187336 -0.9699285
3 0.97604102 0.20299198 -0.078345805 3 0.21688348 -0.93655068 0.27538043 3 -0.017472908 -0.28577414 -0.95813775
3 -0.90865237 -0.39268774 0.14194149 3 -0.2462908 0.7785489 0.57723713 3 -0.33718318 0.48954856 -0.8041454
3 0.98200887 0.12210704 -0.14404355 3 0.073071674 -0.94909573 -0.30639505 3 -0.17412955 0.29035646 -0.94094211
3 -0.62712026 -0.77747697 -0.047431063 3 -0.7360236 0.57155269 0.36276275 3 -0.25493428 0.2624014 -0.93067402
3 0.30365586 0.44728816 -0.84126472 3 0.82036865 -0.5717805 -0.0078939348 3 -0.48454913 -0.68774945 -0.54056722
3 -0.34519053 0.92158377 -0.17755811 3 0.8851012 0.3825826 0.2650027 3 0.31215179 -0.065677695 -0.94775933
3 -0.92094177 0.23766962 0.3088356 3 0.35015237 0.85251981 0.38807669 3 -0.17105241 0.46553504 -0.86834234
3 -0.98236471 0.18473797 0.02883656 3 0.1666695 0.93510091 -0.31274232 3 -0.084738985 -0.30242109 -0.94940031
3 0.18518828 0.88120264 0.43495664 3 0.95379543 -0.054610513 -0.295452 3 -0.23660085 0.46956909 -0.85060257
3 0.37521002 -0.92145556 -0.10068306 3 -0.88362122 -0.32274228 -0.33919132 3 0.28005534 0.216233 -0.93531388
3 -0.71431857 -0.69979972 0.0054259803 3 -0.65966898 0.67590326 0.328621 3 -0.23363771 0.23115934 -0.94444627
3 0.97332013 0.22780962 -0.027400147 3 0.2194694 -0.8894757 0.40083212 3 0.066935927 -0.39615276 -0.91574162
3 0.41749975 0.81977993 0.39198804 3 0.89449835 -0.44668636 -0.01854223 3 0.15989429 0.35837233 -0.91978431
3 -0.77791977 0.6241594 -0.072565138 3 0.44834846 0.47043443 -0.76004922 3 -0.44025296 -0.62379342 -0.64580107
3 0.086417116 0.87294817 -0.48009732 3 0.85909557 -0.30931121 -0.40777582 3 -0.50446659 -0.3772094 -0.77667654
3 -0.21537791 0.90399373 0.36933395 3 0.95563316 0.27293751 -0.11077109 3 -0.20094047 0.32908592 -0.92267293
3 -0.44289473 0.81677121 -0.3697688 3 0.80592859 0.18197504 -0.56335086 3 -0.39284089 -0.54751098 -0.73885578
3 0.83638287 0.46041122 -0.29746446 3 0.51395768 -0.84735107 0.13358048 3 -0.19055517 -0.26460874 -0.94534177
3 -0.26624131 -0.96323389 -0.035998255 3 -0.96134162 0.26807022 -0.062932588 3 0.070269115 0.017852269 -0.99736834
3 0.989142 -0.11548736 -0.090888485 3 -0.13586289 -0.95437002 -0.26593032 3 -0.056034163 0.27539179 -0.95969754
3 0.090078294 -0.99536586 0.033652935 3 -0.8913554 -0.065500371 0.44854763 3 -0.44426498 -0.07039921 -0.89312512
3 -0.5641045 -0.78110486 -0.26769647 3 -0.80307013 0.59439558 -0.042099118 3 0.19200064 0.19122967 -0.96258342
3 0.98185629 -0.16929463 -0.085425101 3 -0.18416163 -0.95869046 -0.21678789 3 -0.045197263 0.22858696 -0.97247374
3 0.78683788 -0.60800081 -0.10593054 3 -0.34643227 -0.57717258 0.7394976 3 -0.51075751 -0.54516518 -0.66477197
3 -0.64529353 -0.75403714 0.12257297 3 -0.70670819 0.65015078 0.27904716 3 -0.29010201 0.09344501 -0.95242262
3 0.821473 0.12693717 -0.55593997 3 0.40022242 -0.82280087 0.40351102 3 -0.40620381 -0.55397242 -0.72671396
3 -0.85252118 -0.47999355 0.20691521 3 -0.42062417 0.86500537 0.27357101 3 -0.31029341 0.14619248 -0.93933266
3 0.73419631 0.67828774 -0.029688803 3 0.61233944 -0.68043214 -0.40255725 3 -0.29325351 0.27737406 -0.91491312
3 -0.51553959 -0.47140703 0.71553779 3 -0.76932281 0.62235618 -0.1442737 3 -0.37730935 -0.62485981 -0.68351126
3 0.67337573 -0.73796034 0.044494532 3 -0.72953898 -0.67302799 -0.12168026 3 0.11974063 0.049476732 -0.99157149
3 -0.81927598 -0.4743906 0.32208762 3 -0.53996855 0.82728946 -0.15500414 3 -0.19293015 -0.30091009 -0.9339332
3 0.63761896 -0.76780713 -0.062563032 3 -0.71237224 -0.61859226 0.33146545 3 -0.29320124 -0.16678214 -0.94139087
3 -0.63957947 -0.50324219 0.5811069 3 -0.67625797 0.72778445 -0.11403903 3 -0.36553225 -0.46591598 -0.80579692
3 0.25978565 0.89658087 0.35868388 3 0.9640891 -0.21958512 -0.1493814 3 -0.055169672 0.38461447 -0.92142731
3 0.8096509 -0.28169146 -0.51489353 3 -0.037634671 -0.90040553 0.4334209 3 -0.58570689 -0.33154073 -0.73961365
3 0.078542493 0.86364079 -0.49795157 3 0.84514683 -0.32260174 -0.42621028 3 -0.52873278 -0.38736868 -0.75523996
3 -0.37313628 0.90080684 -0.22207282 3 0.84770095 0.23374224 -0.47620139 3 -0.37705705 -0.36594084 -0.85083216
3 0.48720303 0.8732729 -0.0052500786 3 0.78177994 -0.43882203 -0.44300717 3 -0.3891699 0.21173027 -0.89650279
3 0.20431623 0.96799153 0.14576435 3 0.95314759 -0.16278866 -0.25496963 3 -0.22308025 0.19102664 -0.95589966
3 0.32083109 0.82155448 0.47129133 3 0.9424547 -0.32632989 -0.07271722 3 0.094056748 0.46750447 -0.87897265
3 -0.0892675 0.99077892 0.10192372 3 0.91057312 0.1226482 -0.3947331 3 -0.40359408 0.057573058 -0.91312504
3 0.58105189 0.81002825 0.078949258 3 0.81196523 -0.58358729 0.011758145 3 0.055597685 0.057271224 -0.99680924
3 0.29411933 -0.95530945 0.029624138 3 -0.92604476 -0.2925052 -0.23849876 3 0.23650517 0.042714417 -0.97069085
3 0.82997495 -0.54692543 0.10960958 3 -0.49416086 -0.8120966 -0.31032991 3 0.25874069 0.20340137 -0.94428885
3 -0.42962676 0.89447951 0.12380262 3 0.89782125 0.40845478 0.16456524 3 0.096632779 0.18185365 -0.97856605
3 0.70256078 -0.70975804 -0.051495951 3 -0.58244109 -0.61509281 0.53143537 3 -0.40886509 -0.34337252 -0.84553242
3 -0.34483418 0.784666 0.51515871 3 0.85429364 0.48975575 -0.17413086 3 -0.38893729 0.3800523 -0.83921874
3 0.87424737 0.43972704 0.2057467 3 0.44996563 -0.89303958 -0.0033420399 3 0.18226999 0.095500521 -0.97859961
3 0.84311455 -0.45143187 -0.29217631 3 -0.44363654 -0.8909986 0.096478552 3 -0.30388063 0.048276767 -0.95148623
3 -0.98251832 -0.17831841 -0.053480536 3 -0.18616523 0.9405517 0.28408602 3 -0.00035440459 0.28907636 -0.95730597
3 -0.9502483 -0.31012765 -0.029138256 3 -0.30922297 0.92791152 0.2082344 3 -0.037541259 0.20688467 -0.97764486
3 -0.81039703 0.57515711 0.11158329 3 0.58108461 0.81337094 0.027720813 3 -0.07481268 0.087302707 -0.99336874
3 -0.98792315 -0.075689912 0.13519947 3 -0.017916415 0.92251617 0.38554233 3 -0.15390651 0.37846383 -0.91273099
3 -0.46853712 0.82753098 0.30929819 3 0.8818962 0.45882821 0.10833083 3 -0.052268956 0.32352829 -0.94477367
3 0.45119861 -0.88674718 0.10049538 3 -0.88798147 -0.45731884 -0.048461795 3 0.088930555 -0.067369722 -0.99375689
3 -0.89299679 -0.44698969 -0.052506585 3 -0.43728393 0.83411276 0.33621195 3 -0.10648669 0.32319656 -0.94032145
3 -0.19630328 -0.83029753 0.52160442 3 -0.88364041 0.38037646 0.27293503 3 -0.42502379 -0.40733486 -0.80835205
3 0.27366292 0.78343511 -0.55797666 3 0.95325089 -0.29820976 0.048821785 3 -0.12814535 -0.54525238 -0.82841927
3 -0.49172869 0.86452365 -0.10393138 3 0.857059 0.45945638 -0.2331306 3 -0.15379414 -0.20371385 -0.96687549
3 -0.91288894 0.27415216 0.30244744 3 0.36661664 0.87645781 0.31211197 3 -0.17951418 0.39580521 -0.90061796
3 -0.98948723 -0.13331729 -0.056048218 3 -0.14460921 0.90738899 0.39463031 3 -0.0017514024 0.39858708 -0.91712874
3 0.54805958 -0.83638942 0.0091409786 3 -0.83640146 -0.54789788 0.01551562 3 -0.0079691373 -0.016148459 -0.99983788
3 0.83393377 0.43976486 0.3334088 3 0.54342264 -0.75964075 -0.35726467 3 0.096154116 0.47911462 -0.8724699
3 -0.072969481 -0.98505813 -0.15599935 3 -0.98181504 0.043463733 0.18479715 3 -0.17525546 0.16664959 -0.97031617
3 -0.63333237 0.65018135 0.41970727 3 0.73106611 0.32477176 0.60005468 3 0.25383523 0.68686801 -0.68101406
3 0.59980321 -0.53161526 -0.59801441 3 -0.78781128 -0.26163083 -0.55758661 3 0.13996495 0.80556273 -0.57574195
3 0.44498125 0.39946857 -0.80150884 3 0.83445418 -0.50983667 0.20917141 3 -0.325082 -0.76190054 -0.56020468
3 0.88951945 -0.39973778 -0.22128032 3 -0.45508802 -0.81821448 -0.3513118 3 -0.040622346 0.41320071 -0.90973341
3 -0.83607066 -0.49393746 0.23877136 3 -0.53899479 0.82070035 -0.18956648 3 -0.10232471 -0.28718683 -0.95239341
3 -0.71027982 -0.69083136 0.13510926 3 -0.70079231 0.67590487 -0.22812898 3 0.06627553 -0.25672102 -0.96421063
3 -0.73528582 0.67773229 -0.005797598 3 0.67542386 0.73201865 -0.089169517 3 -0.056187905 -0.069482036 -0.99599957
3 -0.0012626665 -0.9519372 -0.30629078 3 -0.99717981 -0.021785025 0.071817636 3 -0.075038426 0.30552074 -0.949224
3 -0.70731091 -0.68795878 0.16255473 3 -0.64379257 0.72187668 0.25382152 3 -0.29196534 0.074877121 -0.95349348
3 -0.94537622 -0.15994197 -0.28404626 3 -0.26790804 0.87762767 0.39748585 3 0.18571265 0.45187208 -0.87253797
3 0.63687271 0.61571324 -0.46399382 3 0.73927188 -0.65850323 0.14089173 3 -0.21879177 -0.43274698 -0.87456286
3 0.35189688 0.80182433 -0.48295599 3 0.88467741 -0.45346165 -0.10825284 3 -0.30580062 -0.38916379 -0.86892903
3 0.94241631 0.3281723 -0.064456128 3 0.33180517 -0.89330173 0.30317873 3 0.041916985 -0.30710709 -0.9507513
3 -0.94778293 0.30715004 0.085827291 3 0.3187235 0.90291184 0.28838474 3 0.011081506 0.30068177 -0.95366031
3 -0.41111797 0.89046085 0.19509362 3 0.88439941 0.4414911 -0.15140462 3 -0.22095232 0.11029626 -0.96902776
3 0.296994 0.85045165 0.43419653 3 0.94852221 -0.31513545 -0.031547815 3 0.11000225 0.42121863 -0.90026349
3 0.91182011 0.13848852 0.38652939 3 0.31052592 -0.84849304 -0.42852435 3 0.26861754 0.51076388 -0.81667918
3 0.92658758 -0.13306431 0.35175183 3 0.13891941 -0.74806118 -0.64892697 3 0.34948406 0.65015239 -0.67465776
3 0.94085556 0.33879638 -0.0027892038 3 0.31529599 -0.87854767 -0.35880706 3 -0.12401285 0.33670625 -0.93340766
3 0.94498032 0.065483667 0.32050607 3 0.2720803 -0.70128214 -0.65892041 3 0.18161984 0.7098704 -0.6805135
3 -0.47659606 -0.78412586 0.3974956 3 -0.877033 0.45524061 -0.15352251 3 -0.060574293 -0.42178354 -0.90467095
3 -0.58150703 -0.65206903 0.48647252 3 -0.81033629 0.51728034 -0.27527505 3 -0.072144575 -0.554281 -0.82919717
3 -0.42371517 0.81543899 0.3943662 3 0.89855891 0.43332532 0.069434643 3 -0.11426821 0.38377997 -0.91632736
3 0.023256972 -0.99690878 -0.075047478 3 -0.99963439 -0.022153331 -0.015505105 3 0.013794631 0.075380258 -0.9970594
3 -0.90674567 -0.38481981 0.17241195 3 -0.42161709 0.82043236 -0.38617298 3 0.0071569718 -0.42285156 -0.90617067
3 -0.64455366 -0.76450497 -0.0090960925 3 -0.72848529 0.61048722 0.31082928 3 -0.23207556 0.20697482 -0.95042235
3 -0.98931593 0.11015768 0.095494933 3 0.14562708 0.77743024 0.61187828 3 -0.0068403916 0.61924791 -0.78516579
3 0.2557852 -0.92950714 0.2656889 3 -0.96434265 -0.22600982 0.13770556 3 -0.067949198 -0.29144105 -0.95417237
3 0.99750584 -0.069558352 -0.011986689 3 -0.062826298 -0.9523809 0.29836807 3 -0.032166719 -0.29687104 -0.95437568
3 0.94966489 -0.30420265 0.074815542 3 -0.30660495 -0.85357797 0.42118645 3 -0.064265795 -0.42292458 -0.9038831
3 0.99481511 0.050169382 0.088464811 3 0.021497054 -0.95393401 0.29924536 3 0.09940578 -0.29579189 -0.95006609
3 -0.4070724 0.83684272 0.3660416 3 0.89352244 0.44798195 -0.030494094 3 -0.18949951 0.31465459 -0.93009806
3 -0.95926535 -0.21230967 -0.18637264 3 -0.27708313 0.83571702 0.47413307 3 0.055091534 0.50646001 -0.86050171
3 -0.98891187 -0.1483562 0.0066291559 3 -0.10827436 0.750848 0.65153992 3 -0.10164105 0.64359713 -0.75858551
3 0.46798593 -0.87623936 -0.11486408 3 -0.85912776 -0.48155388 0.17321996 3 -0.20709644 0.0176204 -0.97816175
3 -0.42355594 0.87859863 0.22060083 3 0.88893288 0.44999483 -0.085457705 3 -0.17435338 0.15990551 -0.97161275
3 -0.93657207 0.26528659 0.22903235 3 0.34555689 0.80806953 0.47708946 3 -0.058506738 0.52597183 -0.84848738
3 0.9787401 -0.0062848842 -0.20500816 3 0.094870321 -0.87230664 0.4796674 3 -0.1818451 -0.48891887 -0.85316515
3 -0.49768302 -0.83490729 0.2350352 3 -0.86673766 0.46846318 -0.17119686 3 0.032826617 -0.2889182 -0.95679092
3 -0.71691209 0.69358075 -0.070589237 3 0.69687486 0.71584642 -0.043925792 3 0.020065568 -0.080683373 -0.99653786
3 0.85986412 0.48731825 -0.15216585 3 0.44632941 -0.86227101 -0.23932941 3 -0.24783733 0.13787499 -0.95894063
3 0.23082545 0.897892 0.37484613 3 0.96417236 -0.15931375 -0.21211094 3 -0.13073455 0.41037691 -0.90249622
3 0.47173715 -0.83572429 0.28112116 3 -0.88135499 -0.45633706 0.12235264 3 0.026034079 -0.30548781 -0.9518401
3 -0.87255985 -0.3554453 0.33510876 3 -0.46708167 0.80797243 -0.35918701 3 -0.1430849 -0.46993437 -0.87102729
3 0.0039903396 0.88344795 0.46851242 3 0.98871142 -0.073660232 0.13047613 3 0.14977959 0.46270451 -0.87376809
3 -0.75226182 -0.62126255 0.21939741 3 -0.64580631 0.76123887 -0.058734775 3 -0.13052669 -0.18587427 -0.97386527
3 -0.041395854 -0.9991203 0.0067013856 3 -0.9991321 0.041425426 0.0043360619 3 -0.0046097217 -0.0065128477 -0.99996817
3 0.72915733 0.65031725 0.21311271 3 0.64829528 -0.55665833 -0.51946568 3 -0.21918906 0.51692992 -0.82748991
3 -0.75074661 0.66049391 -0.011284733 3 0.46819836 0.51996857 -0.71443915 3 -0.46601352 -0.54164749 -0.69960678
3 0.70527035 -0.69711518 -0.1289344 3 -0.70381153 -0.7103259 -0.0092950314 3 -0.085105963 0.097301252 -0.99160951
3 0.24574035 0.95815516 0.14680082 3 0.96827859 -0.23557012 -0.083326571 3 -0.0452572 0.16262348 -0.9856497
3 -0.92207146 -0.32942492 -0.20313421 3 -0.38541624 0.82932979 0.40455729 3 0.035195235 0.45132235 -0.89166671
3 0.63066119 -0.6650576 -0.39995611 3 -0.7677862 -0.45964932 -0.44634834 3 0.11300972 0.58857334 -0.80050623
3 -0.95722139 -0.18775588 -0.22017056 3 -0.26284042 0.88239402 0.39025107 3 0.12101205 0.43142766 -0.89399457
3 -0.63753617 -0.74647623 -0.19058032 3 -0.74962473 0.658135 -0.070149958 3 0.17779365 0.098141544 -0.97916168
3 0.95345819 0.30125126 -0.012858012 3 0.2296322 -0.75309914 -0.61653131 3 -0.1954165 0.58488333 -0.78722537
3 0.85711068 0.50970972 0.074546583 3 0.51226866 -0.8586114 -0.019160829 3 0.054242045 0.054611996 -0.99703324
3 -0.8809166 -0.43927217 -0.17614169 3 -0.44878727 0.89349133 0.016227126 3 0.15025499 0.09334591 -0.9842307
3 -0.88056594 -0.44592425 -0.16048434 3 -0.45488393 0.89027447 0.022185016 3 0.13298288 0.092537433 -0.98678899
3 0.70451474 0.67975199 0.203952 3 0.69363809 -0.72030872 0.0046728402 3 0.15008526 0.13817725 -0.97896957
3 -1.117853e-05 -0.99406475 0.10878946 3 -0.89320582 0.048926909 0.44697836 3 -0.4496482 -0.097174205 -0.88790423
3 0.46706527 0.42445543 -0.77568531 3 0.66295159 -0.74858928 -0.010443807 3 -0.5851025 -0.50936377 -0.6310336
3 -0.58151048 -0.73551357 0.34765685 3 -0.77108985 0.63454247 0.052689224 3 -0.25935557 -0.23743391 -0.93614089
3 -0.96439874 0.18571097 -0.18827242 3 0.22847849 0.94361067 -0.23957582 3 0.13316493 -0.27406299 -0.95244771
3 0.94190437 0.15919198 0.29576018 3 0.2604515 -0.90217686 -0.34386328 3 0.21208937 0.4009178 -0.89122558
3 0.76502389 0.61265832 0.19846484 3 0.63565403 -0.66889721 -0.3853834 3 -0.10335552 0.42098266 -0.90116096
3 -0.82940429 -0.49408129 -0.26071474 3 -0.48508579 0.8684299 -0.10257462 3 0.27709463 0.041394353 -0.95995069
3 0.8959232 -0.40889215 -0.17357674 3 -0.43263805 -0.71460426 -0.54969567 3 0.10072622 0.56758159 -0.81713253
3 0.52475363 0.82062882 0.22627828 3 0.8511672 -0.50202262 -0.15325743 3 -0.012173353 0.27301884 -0.96193177
3 0.17077971 0.98523301 -0.012255495 3 0.96630466 -0.16504163 0.1975255 3 0.19258584 -0.045576703 -0.98022103
3 -0.93529785 0.26872438 -0.23022836 3 0.35376769 0.72505963 -0.59087831 3 0.008143886 -0.634094 -0.77321327
3 -0.82728517 -0.52575386 -0.19794458 3 -0.4602232 0.83633053 -0.29790241 3 0.32216892 -0.15535253 -0.93384838
3 -0.9594419 0.10983497 -0.2596297 3 0.13935457 0.9853695 -0.098118931 3 0.24505718 -0.13032033 -0.96070993
3 -0.28434727 -0.95495713 -0.084873237 3 -0.88773113 0.29568991 -0.35284689 3 0.36205044 -0.024984403 -0.93182367
3 -0.9337905 0.27510083 -0.22881173 3 0.30084792 0.94980258 -0.085823625 3 0.1937132 -0.14897805 -0.96968079
3 -0.10690679 -0.90219754 -0.41786426 3 -0.91018301 0.25795394 -0.32407814 3 0.40017244 0.34568876 -0.84874099
3 -0.98965275 0.12574285 0.069108978 3 0.14337629 0.88520569 0.44255394 3 -0.0055300086 0.44788364 -0.89407474
3 0.38716584 0.82398981 0.41369498 3 0.92187178 -0.33817807 -0.18917805 3 -0.015979281 0.4546147 -0.89054501
3 0.9978404 0.065657102 0.0018893535 3 0.06185782 -0.92964786 -0.36321986 3 -0.022096613 0.36255202 -0.93170166
3 0.31105742 0.72554046 0.6138683 3 0.94971114 -0.26172352 -0.17189954 3 0.035943966 0.63646883 -0.77046442
3 0.76475525 -0.58996326 -0.2590228 3 -0.64315665 -0.67481571 -0.3619023 3 0.03871889 0.44335696 -0.89550847
3 0.70696378 -0.56854457 0.42066529 3 -0.68556035 -0.69705701 0.21004429 3 0.17380977 -0.43688646 -0.88256466
3 0.9528001 -0.29489896 0.072156541 3 -0.29897267 -0.95272768 0.054087713 3 0.052794762 -0.073107503 -0.99592578
3 -0.81922913 0.56635165 -0.090052485 3 0.56871158 0.82253683 -0.00066631287 3 0.073694229 -0.051759832 -0.99593687
3 0.40320522 -0.88748866 0.22313564 3 -0.78092283 -0.46081024 -0.42167932 3 0.47705838 -0.0042275824 -0.87886143
3 0.98680115 0.12728694 0.10010838 3 0.15453789 -0.92494285 -0.34727377 3 0.048395731 0.35816121 -0.9324047
3 -0.022136595 -0.73610246 0.67650813 3 -0.92380285 -0.24364692 -0.29533857 3 0.38222843 -0.63150066 -0.67461735
3 0.95758092 -0.21926132 0.18698451 3 -0.26426277 -0.92692643 0.26640642 3 0.11491038 -0.30451924 -0.94554931
3 -0.7050516 0.70795709 0.041220229 3 0.70852298 0.70568675 -0.0012293104 3 -0.02995858 0.028338462 -0.99914932
3 0.32167482 -0.91090918 -0.2583988 3 -0.94495302 -0.29157725 -0.14848059 3 0.059909835 0.29193515 -0.95455986
3 -0.58944434 -0.66672969 -0.4560996 3 -0.80541217 0.44159642 0.39535275 3 -0.062182542 0.60038549 -0.79728961
3 0.86554509 0.23445942 0.4425613 3 0.17955175 -0.97018075 0.1628201 3 0.46753964 -0.061465338 -0.88183248
3 0.81424606 -0.35490668 0.45939615 3 -0.3785274 -0.92457366 -0.043367647 3 0.44013718 -0.13858216 -0.88717204
3 0.66908926 -0.57386744 0.47222424 3 -0.63208532 -0.77361774 -0.044539377 3 0.39087918 -0.26868382 -0.88035363
3 0.53046292 0.75037473 0.39439443 3 0.84485829 -0.50609446 -0.1734443 3 0.069454201 0.42521536 -0.90242338
3 -0.38108787 0.89327407 -0.23839779 3 0.89877462 0.41838938 0.13097551 3 0.21673998 -0.16435239 -0.96229523
3 0.79953688 -0.46593058 0.37901115 3 -0.41505352 -0.88473654 -0.21206558 3 0.43413353 0.012243958 -0.90076536
3 0.88780212 0.27853706 0.36636657 3 -0.00023594499 -0.79578358 0.60558116 3 0.46022481 -0.53772289 -0.70643288
3 -0.94799197 0.25805491 -0.18632981 3 0.26347446 0.96465588 -0.0044946782 3 0.17858665 -0.05335471 -0.98247653
3 0.16068879 -0.85279226 0.49691483 3 -0.89286357 -0.34017992 -0.29508001 3 0.42068228 -0.39626047 -0.81609076
3 0.88960022 0.24527936 0.38529149 3 -0.051101401 -0.78482163 0.61761129 3 0.45387048 -0.56911659 -0.68564421
3 -0.62603647 -0.778696 0.04136182 3 -0.56001186 0.41204649 -0.71875203 3 0.54264814 -0.47312599 -0.69403529
3 0.51450115 0.55743831 0.65157592 3 0.79016805 -0.60334188 -0.10776411 3 0.33305231 0.5703004 -0.75088853
3 -0.22035994 0.7597881 -0.61168915 3 0.71114111 0.55436039 0.43239185 3 0.66762215 -0.33971477 -0.66247582
3 0.040444553 -0.97902393 -0.19969063 3 -0.94927639 0.024722505 -0.31346983 3 0.31183144 0.20223655 -0.92836505
3 -0.67562294 0.73139536 -0.092704877 3 0.68356609 0.6685605 0.29285496 3 0.27617204 0.13448924 -0.95165205
3 0.56547874 -0.56176203 0.60386848 3 -0.69070709 -0.72268522 -0.025497183 3 0.45073184 -0.4026798 -0.79667437
3 0.79186517 -0.57127881 -0.21584699 3 -0.6059463 -0.69099879 -0.39414403 3 0.076018453 0.44289902 -0.89334297
3 0.92959201 -0.061497044 0.36342385 3 0.16287504 -0.81596196 -0.55468732 3 0.33065465 0.57482529 -0.74849415
3 0.72436643 -0.45634952 0.51675749 3 -0.56513429 -0.82235861 0.065952271 3 0.39486048 -0.3398096 -0.85358936
3 0.916246 -0.31794682 0.24372767 3 -0.30793625 -0.94810551 -0.079193972 3 0.25625741 -0.0024908802 -0.96660554
3 -0.082665674 -0.76008505 -0.64454424 3 -0.8325513 0.40814674 -0.37453261 3 0.54774523 0.50565553 -0.66654903
3 0.78006041 0.51461983 0.35591057 3 0.18048744 -0.72970212 0.65951419 3 0.59910607 -0.45022458 -0.66209483
3 0.92373329 -0.0026715014 0.38302708 3 0.0082019689 -0.99960846 -0.026752383 3 0.3829475 0.027853644 -0.92335004
3 -0.79139358 0.49553007 -0.35797539 3 0.45732066 0.86850256 0.19121012 3 0.405651 -0.012385936 -0.91394413
3 -0.68989873 -0.69762886 -0.19327106 3 -0.69661283 0.71240866 -0.084878236 3 0.19690011 0.076076321 -0.97746748
3 0.94842774 0.2856268 0.13748525 3 0.29368418 -0.95498067 -0.041969314 3 0.11930583 0.080181397 -0.98961455
3 0.22513464 -0.94244373 0.24721324 3 -0.92207104 -0.28806576 -0.25846362 3 0.31480038 -0.16975628 -0.93385416
3 -0.83564609 0.17171209 -0.52173793 3 -0.16278163 0.82978481 0.53381574 3 0.52459264 0.53101051 -0.6654551
3 0.17916994 -0.78491461 0.59313333 3 -0.50166947 -0.59150952 -0.63122457 3 0.8463015 -0.18446061 -0.49974829
3 0.79232663 -0.24404222 0.55916178 3 -0.14441888 -0.96548784 -0.21674028 3 0.59275752 0.090975627 -0.80022615
3 0.57911921 0.63550216 0.51064467 3 0.80269873 -0.55394995 -0.22093999 3 0.14246549 0.53784633 -0.83091825
3 0.72706193 0.40518013 0.55426538 3 0.17028949 -0.88849115 0.42612791 3 0.66511941 -0.21543525 -0.71498519
3 -0.96279061 -0.14200082 0.22993469 3 -0.16538404 0.98249501 -0.085742176 3 -0.21372664 -0.12057818 -0.96942347
3 0.74005908 0.65275919 0.16191947 3 0.66874266 -0.7397874 -0.074148372 3 0.071386851 0.16315833 -0.98401392
3 0.013910262 0.90976036 -0.41490072 3 0.72105235 0.2783477 0.6345126 3 0.69274104 -0.30799273 -0.65211236
3 0.6674903 0.74193692 -0.063137509 3 0.70858192 -0.60684007 0.36007899 3 0.22884184 -0.28508693 -0.93078297
3 0.42474109 0.89785683 -0.11596627 3 0.79609048 -0.3094247 0.5200929 3 0.43108585 -0.31322497 -0.84620053
3 0.537902 -0.71480668 0.44689238 3 -0.18212599 -0.61613488 -0.76629496 3 0.82309997 0.33079934 -0.46160409
3 0.027667305 -0.98744398 0.15552789 3 -0.58940971 -0.14177817 -0.79529554 3 0.80736017 -0.069664434 -0.5859319
3 -0.53116387 -0.48709646 -0.69325471 3 -0.25934649 0.87242019 -0.41427386 3 0.80659944 -0.040255241 -0.58972633
0 0 0 1 0 0 0 1 0 0 0 1 0 0 0 0 0 336 1 0 0
