ply
format ascii 1.0
comment PCL generated
element vertex 348
property list uint float x_axis
property list uint float y_axis
property list uint float z_axis
element camera 1
property float view_px
property float view_py
property float view_pz
property float x_axisx
property float x_axisy
property float x_axisz
property float y_axisx
property float y_axisy
property float y_axisz
property float z_axisx
property float z_axisy
property float z_axisz
property float focal
property float scalex
property float scaley
property float centerx
property float centery
property int viewportx
property int viewporty
property float k1
property float k2
end_header
3 0.11569373 -0.87336224 0.47313154 3 -0.90753794 0.10066019 0.40772858 3 -0.40372059 -0.47655362 -0.78096503
3 0.81805658 0.3851684 -0.42711669 3 0.42022952 -0.90731984 -0.013343871 3 -0.39267361 -0.1685722 -0.90409684
3 -0.62002295 -0.46673283 0.63066006 3 -0.42320254 0.87580425 0.23209223 3 -0.66066247 -0.12299644 -0.74053842
3 -0.62449998 -0.5480969 0.55640787 3 -0.28714713 0.82363784 0.48904759 3 -0.72632635 0.14563712 -0.67174399
3 0.73522896 -0.65794122 -0.16294721 3 -0.40808409 -0.62161505 0.66862708 3 -0.54120684 -0.4250986 -0.7255249
3 0.5055173 -0.77193153 -0.38545296 3 -0.32142586 -0.58306581 0.74613655 3 -0.80071002 -0.25329155 -0.54286921
3 -0.60090268 0.70883662 0.36941394 3 0.42463896 0.67463958 -0.60377407 3 -0.67719948 -0.20594057 -0.70639169
3 -0.08692959 0.94130427 -0.32617417 3 0.68690109 -0.18050236 -0.70397866 3 -0.72153288 -0.28525028 -0.63089037
3 0.78085154 0.27876779 -0.55906999 3 0.10894505 -0.94196939 -0.31752881 3 -0.61514342 0.18703508 -0.76590896
3 0.81715542 0.37820163 -0.43499494 3 0.13316929 -0.85810453 -0.49590585 3 -0.56082237 0.3473047 -0.75157017
3 0.62258691 -0.20301621 -0.75575799 3 -0.35800114 -0.93266594 -0.044379964 3 -0.69586235 0.2981934 -0.65334243
3 -0.53032869 -0.75368446 0.38821551 3 -0.2746819 0.58596456 0.76236188 3 -0.80205923 0.29766876 -0.5177784
3 -0.86947632 -0.25654963 0.42212939 3 -0.2479336 0.96577013 0.076269418 3 -0.42724654 -0.038345519 -0.90332162
3 0.54334354 -0.83838546 0.043447655 3 -0.58311963 -0.33966625 0.73796922 3 -0.60394424 -0.42630702 -0.67343438
3 0.0070513762 0.88214535 -0.47092456 3 0.78093725 -0.29899779 -0.54839534 3 -0.62456977 -0.36389503 -0.69100875
3 0.88805974 0.045758709 -0.45744517 3 -0.089461312 -0.95881176 -0.26958638 3 -0.45093617 0.28033262 -0.84739029
3 -0.098459594 -0.96298307 0.25093672 3 -0.91729051 0.18559717 0.35232341 3 -0.38585445 -0.19549024 -0.90160966
3 -0.76006997 0.49903801 0.41623887 3 0.58960593 0.79890299 0.11882307 3 -0.27323928 0.33573207 -0.90145671
3 -0.78490466 0.41250309 0.46234825 3 0.4806931 0.87621808 0.034293562 3 -0.39097077 0.2491643 -0.88603562
3 -0.73439568 0.42637071 0.52808237 3 0.54801834 0.8315292 0.090748265 3 -0.40042579 0.35604525 -0.84432882
3 -0.96391982 0.2241845 0.143526 3 0.13146962 0.86977261 -0.47561672 3 -0.23146185 -0.43958694 -0.86786455
3 -0.62647885 0.75366241 -0.19878925 3 0.65937442 0.37645069 -0.65077662 3 -0.41563269 -0.538773 -0.73278451
3 -0.73141295 0.44201404 0.51928663 3 0.55327868 0.82979357 0.072974712 3 -0.39864737 0.34068641 -0.85147703
3 -0.092676125 0.93985409 0.32876363 3 0.97375941 0.15447855 -0.1671202 3 -0.20785557 0.30464926 -0.92950791
3 0.92131001 -0.38728386 -0.034628503 3 -0.31049314 -0.78638273 0.53403759 3 -0.2340523 -0.48126352 -0.84475136
3 -0.62948626 -0.77697492 -0.0075535956 3 -0.74347657 0.59946465 0.29645351 3 -0.22581239 0.1922249 -0.95501745
3 0.88899362 0.10335393 -0.44610345 3 0.31532493 -0.8445943 0.43270168 3 -0.33205339 -0.52533638 -0.78342986
3 0.67035073 -0.70798773 -0.22222331 3 -0.73750585 -0.60260129 -0.30488825 3 0.081945077 0.36827308 -0.92609936
3 0.45396727 0.86288977 0.2221147 3 0.88171089 -0.39910671 -0.25159433 3 -0.12844947 0.31005889 -0.94200009
3 -0.56617576 0.75703382 0.3261058 3 0.76984978 0.62702972 -0.11901784 3 -0.29457968 0.18366902 -0.93781048
3 -0.90104973 0.41705292 -0.11906362 3 0.33466953 0.84318167 0.4207623 3 0.27587065 0.33928165 -0.89932382
3 -0.24665232 -0.91285652 -0.32535452 3 -0.92896819 0.12709633 0.34765601 3 -0.27600992 0.38798967 -0.87936491
3 0.4694227 -0.85562104 -0.21807075 3 -0.88074398 -0.43619278 -0.18446085 3 0.062706754 0.27865639 -0.95834154
3 0.61396694 0.67709869 0.405687 3 0.7590335 -0.36542073 -0.53882813 3 -0.21659224 0.63875395 -0.73829609
3 -0.46005896 0.64542162 -0.60973489 3 0.88517046 0.38709337 -0.25813213 3 0.069419317 -0.65847397 -0.74939525
3 -0.9133383 0.27649787 -0.29893491 3 0.40260378 0.72318047 -0.56117761 3 0.061014865 -0.63289595 -0.77182901
3 -0.98806775 -0.13138047 0.080382206 3 -0.15142575 0.92401862 -0.35108384 3 -0.028149899 -0.35906667 -0.93288732
3 -0.047552448 0.83129203 0.55379808 3 0.93879175 0.22657162 -0.25949049 3 -0.3411873 0.5075615 -0.79118431
3 0.83174205 -0.48718047 0.26619604 3 -0.34224045 -0.8274982 -0.4451049 3 0.43712327 0.27910936 -0.85499787
3 -0.93673623 0.20033704 -0.28703707 3 0.33847803 0.72740507 -0.59692103 3 0.089205496 -0.656313 -0.74919683
3 0.8269099 0.55266154 0.103852 3 0.5125044 -0.66466647 -0.543652 3 -0.23143074 0.50277442 -0.83286101
3 0.78036922 -0.48219937 -0.39813003 3 -0.54357916 -0.83782405 -0.050722688 3 -0.30910259 0.25599647 -0.91592669
3 -0.012625123 -0.89369565 0.44849595 3 -0.99395496 0.06013725 0.091852777 3 -0.10905974 -0.44462472 -0.88905275
3 -0.95972109 -0.26028532 0.10576876 3 -0.25193429 0.96390837 0.086079791 3 -0.12435196 0.0559671 -0.99065846
3 0.63930041 0.75900686 0.12330301 3 0.751423 -0.5825913 -0.30975929 3 -0.16327313 0.29068318 -0.9427858
3 0.99379069 -0.06467513 -0.090537637 3 -0.00073796138 -0.81752396 0.57589406 3 -0.11126339 -0.57225138 -0.81249547
3 0.99804455 0.0038759846 -0.062385526 3 0.041758277 -0.78401214 0.61933929 3 -0.046506029 -0.62073332 -0.78264123
3 0.68152946 0.71157593 0.17081395 3 0.71890044 -0.60741144 -0.33798465 3 -0.13674551 0.35314664 -0.92552048
3 0.94269967 -0.099841356 -0.31835362 3 -0.30937514 -0.61882949 -0.7220369 3 -0.12491785 0.77915472 -0.61425865
3 -0.37910399 -0.91430008 -0.14260267 3 -0.91486323 0.34718928 0.20611896 3 -0.13894545 0.20860007 -0.9680807
3 0.71885222 0.68952274 0.088373706 3 0.67308712 -0.65859413 -0.33646351 3 -0.17379789 0.30134973 -0.93754077
3 0.77807796 -0.53298533 -0.33244753 3 -0.61323488 -0.75919628 -0.21809171 3 -0.13615549 0.37356231 -0.91755813
3 -0.95825708 0.19572413 0.20841177 3 0.28373393 0.56128156 0.77746916 3 0.035192519 0.80414861 -0.59338576
3 -0.81034511 0.26227802 0.52397615 3 0.57753921 0.50850338 0.63864905 3 -0.098939352 0.82014269 -0.56353951
3 0.80726731 -0.52849287 0.26270688 3 -0.58988744 -0.70835596 0.38764036 3 -0.018778535 -0.46789461 -0.88358492
3 0.96467376 -0.20245016 0.16857776 3 -0.26268464 -0.69051284 0.67393541 3 -0.020033326 -0.69441062 -0.71930021
3 -0.88837051 -0.36566877 -0.27764037 3 -0.42631856 0.8814643 0.20315799 3 0.17044123 0.29884267 -0.93895835
3 -0.43568733 0.84992653 0.29631305 3 0.89344126 0.44832274 0.027739689 3 -0.1092639 0.27681774 -0.95469022
3 -0.67658645 -0.32588261 -0.66032672 3 -0.73176658 0.39760017 0.55356294 3 0.082147405 0.85773718 -0.50748289
3 0.59144229 0.59312713 -0.5462566 3 0.79332566 -0.3067677 0.5258593 3 0.14432721 -0.74437511 -0.65197808
3 0.22078437 -0.93903595 -0.26356328 3 -0.94517761 -0.27266592 0.1797013 3 -0.24061064 0.20943852 -0.94775641
3 0.25398573 0.83919311 0.48088053 3 0.96649432 -0.23930342 -0.092858799 3 0.037149582 0.48835212 -0.87185574
3 0.40466559 0.64702493 -0.64622319 3 0.80055118 -0.5922153 -0.091644138 3 -0.4419995 -0.48024976 -0.75762564
3 -0.37666273 -0.8449682 0.37967595 3 -0.86060631 0.47084022 0.19407788 3 -0.34275594 -0.25364861 -0.90453345
3 -0.91726059 0.39335459 0.062490329 3 0.37210378 0.79039711 0.48663229 3 0.14202711 0.46962148 -0.871369
3 0.68500948 0.72082222 0.10572264 3 0.72852653 -0.67708731 -0.10393225 3 -0.0033295203 0.14822023 -0.98894882
3 0.70571905 0.51366234 0.48796681 3 0.70833486 -0.52603728 -0.47068751 3 0.014915679 0.67781806 -0.73507851
3 0.78203118 0.62239033 -0.032518674 3 0.60645032 -0.77195722 -0.19052526 3 -0.14368701 0.12927343 -0.98114336
3 0.80283809 -0.080207691 -0.59077722 3 0.33022436 -0.76520079 0.55264771 3 -0.49638957 -0.63877571 -0.58784598
3 0.81379873 0.56165433 0.14925167 3 0.55779034 -0.82697064 0.070636034 3 0.16310012 0.025767861 -0.98627293
3 0.38435555 0.48871079 -0.78321934 3 0.86796963 -0.48030216 0.12624829 3 -0.31448418 -0.72833633 -0.6087907
3 0.34444112 -0.68455493 0.64245236 3 -0.82718003 0.10235003 0.5525375 3 -0.44399774 -0.72173929 -0.53099746
3 0.20322828 0.83161175 -0.51683658 3 0.93231034 -0.32563198 -0.15735641 3 -0.29915783 -0.44987223 -0.84149837
3 0.60564059 0.64608729 -0.46451136 3 0.74153644 -0.67000288 0.034927487 3 -0.28865531 -0.365603 -0.88487995
3 0.63401169 0.38887307 -0.66843623 3 0.66108644 -0.721026 0.20757243 3 -0.40124145 -0.57349801 -0.71421659
3 -0.033172511 0.94845551 0.31516936 3 0.99911588 0.023320179 0.034981288 3 0.025828313 0.3160533 -0.94838983
3 -0.49432784 0.85431409 0.16058439 3 0.85235333 0.44008908 0.28251609 3 0.17068881 0.27652547 -0.94572669
3 0.74788183 0.63625634 0.18934251 3 0.66352922 -0.70787686 -0.24215527 3 -0.02004494 0.30673501 -0.9515838
3 0.50298762 0.86309928 0.0454215 3 0.86311561 -0.49886501 -0.078518443 3 -0.045111753 0.07869482 -0.9958775
3 0.97560197 0.21904583 -0.014820751 3 0.19897115 -0.91068655 -0.36202258 3 -0.092796929 0.35024098 -0.93205148
3 0.55310827 0.054913513 -0.83129764 3 0.62312055 -0.68958485 0.36904424 3 -0.55298454 -0.72212005 -0.41563314
3 0.96774071 0.16169851 0.1932137 3 0.19306245 -0.96865296 -0.15632774 3 0.16187958 0.18858711 -0.96862268
3 -0.59727097 -0.33745193 0.72759438 3 -0.65988767 0.72238648 -0.206655 3 -0.45586774 -0.60355932 -0.65414137
3 -0.77631456 0.62872797 -0.045131065 3 0.56571364 0.72650814 0.39006943 3 0.27803251 0.27728784 -0.91967905
3 -0.68803978 -0.71726346 -0.11015631 3 -0.7152853 0.69592404 -0.063692503 3 0.12235007 0.034975789 -0.99187058
3 -0.76640773 0.36573699 0.52806795 3 -0.16930641 0.6779983 -0.71529967 3 -0.61963969 -0.63761687 -0.45770216
3 -0.53327435 -0.30231917 0.79007697 3 -0.63750023 0.75754613 -0.14041898 3 -0.55606788 -0.57855576 -0.59670919
3 -0.51110125 -0.85863566 -0.038991626 3 -0.8168118 0.47108307 0.33301529 3 -0.26756915 0.2020556 -0.94211477
3 -0.80008161 0.27267691 0.53433764 3 0.091427043 0.93574476 -0.3406215 3 -0.59288532 -0.22367139 -0.77360082
3 -0.25876582 -0.91743714 0.30224049 3 -0.92426127 0.32608855 0.19851249 3 -0.28068033 -0.22798243 -0.93233174
3 -0.90589619 -0.17209423 -0.38695693 3 -0.27902815 0.92989397 0.23966789 3 0.31858388 0.32508618 -0.89040637
3 -0.26833141 0.95270079 0.14268646 3 0.95988393 0.25191209 0.12313813 3 0.081369951 0.17000212 -0.98207843
3 0.58382207 0.73074746 0.35377946 3 0.78811169 -0.40542448 -0.4631533 3 -0.19501837 0.5492155 -0.81260711
3 0.61424822 -0.70363081 -0.35721546 3 -0.73809934 -0.35218138 -0.57548052 3 0.27912056 0.617149 -0.73567581
3 -0.2006776 0.91913706 -0.338992 3 0.5833205 -0.16589478 -0.79512018 3 -0.78706151 -0.35730341 -0.50286025
3 0.39555636 0.87348872 0.28381795 3 0.88857442 -0.28579661 -0.35882556 3 -0.23231559 0.39412972 -0.8892082
3 -0.015018692 -0.97920352 -0.20232379 3 -0.98572421 0.048436392 -0.16125043 3 0.16769688 0.19701782 -0.9659512
3 -0.078830101 -0.74168104 -0.66610438 3 -0.94954288 0.25933683 -0.17638774 3 0.30356869 0.61858857 -0.72470284
3 -0.85166764 -0.40771258 0.32929105 3 -0.47896644 0.86056173 -0.17327636 3 -0.21272939 -0.30529377 -0.92819291
3 0.99049348 0.13088252 0.042338092 3 0.12958057 -0.78444606 -0.60650909 3 -0.046170816 0.60622925 -0.79394853
3 -0.10215018 -0.89470065 -0.4348287 3 -0.93187314 0.23902804 -0.27290642 3 0.34810621 0.37733087 -0.85816282
3 -0.87438816 0.41824168 -0.24600652 3 0.22120859 0.79483503 0.56507015 3 0.431867 0.43967357 -0.78751397
3 -0.96201539 0.26251119 0.074929357 3 0.20293151 0.87124556 -0.44693419 3 -0.1826085 -0.41475159 -0.89142323
3 -0.87450171 0.47784793 0.083115175 3 0.33260095 0.71553898 -0.61431324 3 -0.35302106 -0.50957346 -0.78467268
3 0.66362166 0.74797231 0.011986552 3 0.73970526 -0.65372914 -0.1596061 3 -0.11154363 0.11478611 -0.98710787
3 -0.98722452 0.021101709 0.15793188 3 -0.057653982 0.87672007 -0.47753322 3 -0.14854231 -0.48053783 -0.8643024
3 0.84876573 0.51526421 -0.11874162 3 0.48374394 -0.84733802 -0.21911159 3 -0.21351415 0.12853415 -0.96844745
3 0.01689869 0.99863493 0.049424749 3 0.9947331 -0.021789659 0.10015686 3 0.10109706 0.047470737 -0.99374342
3 -0.93527913 -0.32141277 -0.14814411 3 -0.35345566 0.8695277 0.34495059 3 0.017944774 0.37498778 -0.92685622
3 -0.99392158 0.10389127 0.036419526 3 0.10981365 0.91218615 0.39478764 3 0.0077906656 0.39638767 -0.91805017
3 -0.27260378 0.8786822 0.39192444 3 0.91781747 0.11530015 0.37989044 3 0.2886135 0.46327633 -0.83790046
3 -0.52727336 0.79257423 0.30628243 3 0.69792038 0.1983732 0.68815351 3 0.48465297 0.57660812 -0.65774971
3 0.87641114 0.32764974 -0.35291523 3 0.47642028 -0.69675303 0.53624529 3 -0.070195183 -0.63810772 -0.76674068
3 0.99266428 0.059747051 -0.10510888 3 0.11037306 -0.80267453 0.5861156 3 -0.049348544 -0.59341717 -0.80338097
3 0.49143806 0.87024671 -0.034048993 3 0.86422044 -0.48245165 0.14270154 3 0.10775881 -0.099554323 -0.98918009
3 -0.8867262 -0.41145644 -0.21076104 3 -0.43751439 0.89416808 0.095104247 3 0.14932562 0.17654292 -0.97290015
3 -0.95018429 -0.30020973 -0.083809219 3 -0.31157911 0.92199987 0.2298581 3 0.0082699759 0.24452186 -0.96960855
3 0.65143484 -0.75435144 0.081158146 3 -0.73044407 -0.65249461 -0.20174818 3 0.20514041 0.072148763 -0.97606963
3 0.21900325 0.93450558 0.28060114 3 0.96987617 -0.23993346 0.042099416 3 0.10666713 0.26292583 -0.95890152
3 -0.20784634 -0.92876232 -0.30692112 3 -0.96559608 0.24494657 -0.08732383 3 0.15628292 0.2782144 -0.94771957
3 -0.85359049 -0.52007586 0.030073721 3 -0.4811171 0.76487833 -0.4283545 3 0.19977207 -0.38010949 -0.90311015
3 0.33661267 0.93735224 0.089791484 3 0.93684506 -0.34298542 0.068427861 3 0.094939619 0.061091013 -0.99360681
3 -0.9273535 0.25030643 0.27814081 3 0.30790749 0.93283474 0.18711579 3 -0.21262804 0.25916541 -0.94213724
3 -0.73339236 0.6682508 0.12480517 3 0.67975259 0.72315902 0.12238102 3 -0.0084680459 0.17458567 -0.98460549
3 -0.7027629 0.70715743 -0.077799886 3 0.68484968 0.64284438 -0.34312084 3 -0.19263096 -0.29441002 -0.936064
3 -0.65860981 0.26716396 0.70346045 3 -0.3065792 0.75847298 -0.57508945 3 -0.68719804 -0.59442621 -0.41763172
3 0.93054938 -0.34875107 -0.11158128 3 -0.35356659 -0.93504483 -0.026109055 3 -0.095234573 0.063749664 -0.99341148
3 0.51415831 -0.80826753 0.28695783 3 -0.83920455 -0.54317898 -0.026310384 3 0.17713569 -0.22728921 -0.95758158
3 0.66078895 -0.69116569 -0.29265678 3 -0.74760205 -0.57143021 -0.33846545 3 0.066703014 0.4424448 -0.89431173
3 -0.4874647 0.84352219 0.22549582 3 0.86199045 0.42376834 0.27819553 3 0.13910493 0.32998788 -0.93367976
3 0.94174457 -0.19054498 -0.27714586 3 -0.32400441 -0.73501647 -0.59562749 3 -0.09021312 0.65072548 -0.7539351
3 0.67276776 -0.67053086 -0.31268507 3 -0.71542919 -0.69729853 -0.043997914 3 -0.1885315 0.25330302 -0.94883794
3 0.21379414 0.82453555 0.52386361 3 0.97129309 -0.12215609 -0.20412704 3 -0.10431806 0.5524618 -0.82698488
3 0.52066195 0.12656571 -0.84432948 3 0.52772158 -0.82511306 0.20173824 3 -0.67113501 -0.55060852 -0.49639499
3 0.90594602 0.16012686 -0.39194527 3 0.2959007 -0.90157032 0.31561658 3 -0.30282858 -0.4019087 -0.86415535
3 -0.65859389 0.72302991 -0.20852281 3 0.73936981 0.57022542 -0.35801575 3 -0.13995247 -0.38996097 -0.91013396
3 -0.94960934 0.014863865 0.31308308 3 -0.1753934 0.80264211 -0.57009017 3 -0.25976551 -0.59627575 -0.75959021
3 0.93320525 -0.34189898 -0.11060302 3 -0.29162586 -0.90041465 0.32281271 3 -0.20996027 -0.26899496 -0.939978
3 0.59868163 -0.53161693 0.59913594 3 -0.75153732 -0.63156307 0.19057775 3 0.27707922 -0.56436968 -0.77763361
3 -0.87424779 -0.47711277 0.089745276 3 -0.3051354 0.68379623 0.66280878 3 -0.37760136 0.55207503 -0.74339139
3 0.91233861 -0.26519412 -0.31194657 3 -0.37936783 -0.26094458 -0.88768715 3 0.1540086 0.92821342 -0.33867583
3 -0.69542044 0.67367595 -0.25010225 3 0.71592498 0.61949319 -0.32199311 3 -0.061982606 -0.40297481 -0.91310972
3 -0.9902851 0.12318289 0.064509392 3 0.086312063 0.9082678 -0.40938982 3 -0.10902433 -0.39984432 -0.91007596
3 0.68091577 0.7069065 0.19140802 3 0.69705081 -0.54538345 -0.46548605 3 -0.22466387 0.4503783 -0.86410975
3 -0.28348252 -0.82751727 0.4846161 3 -0.95881885 0.25377181 -0.12753978 3 -0.017442089 -0.50081897 -0.86537641
3 0.89778012 -0.34298119 0.27632368 3 -0.43159193 -0.81021428 0.39658698 3 0.087860487 -0.47530735 -0.87542188
3 0.75672448 -0.6076594 -0.24107674 3 -0.65332723 -0.68994749 -0.31166673 3 0.023058675 0.39334646 -0.91910124
3 0.40849859 0.75815129 0.50826722 3 0.89705604 -0.43631405 -0.070148215 3 0.16858226 0.48460165 -0.85833645
3 0.88376755 0.4268007 0.19182266 3 0.44540963 -0.89294052 -0.065325603 3 0.14340618 0.14317279 -0.97925293
3 -0.95096827 -0.30430287 -0.055308454 3 -0.30921054 0.93139464 0.19207482 3 -0.006935914 0.19975872 -0.97982055
3 -0.42592245 0.83040112 0.35919926 3 0.88854736 0.45873275 -0.006904006 3 -0.17050995 0.31622577 -0.93323493
3 0.15132114 0.97853535 0.13989398 3 0.92114455 -0.088251442 -0.37908348 3 -0.3586002 0.18622988 -0.91472644
3 0.63371378 -0.76330101 0.12561265 3 -0.46082917 -0.24208197 0.85383427 3 -0.6213218 -0.59897494 -0.50516158
3 0.10069904 0.66890436 -0.73649615 3 0.78845608 -0.50513113 -0.35096943 3 -0.60679239 -0.54535419 -0.5782662
3 -0.36270735 0.87456948 -0.32182515 3 0.86856425 0.44239989 0.22333497 3 0.33769754 -0.19852085 -0.92008156
3 0.88053012 -0.19812036 -0.43059838 3 -0.3789646 -0.83991498 -0.38849545 3 -0.28469533 0.50526309 -0.81465203
3 0.061372679 -0.9932099 -0.098830223 3 -0.97925323 -0.079075582 0.1865751 3 -0.19312349 0.085332073 -0.97745687
3 -0.05186918 -0.95719969 -0.28474277 3 -0.97452378 -0.013784975 0.22386071 3 -0.21820454 0.28910032 -0.93209863
3 0.80968195 0.51250845 -0.28591982 3 0.58637559 -0.72646582 0.3583447 3 -0.024057658 -0.45780256 -0.88872832
3 -0.38516256 0.92284149 -0.0036312947 3 0.87842649 0.36541346 -0.30796048 3 -0.28287256 -0.12180302 -0.95139217
3 0.76449686 0.41152737 -0.49617508 3 0.61200297 -0.70511591 0.35813946 3 -0.20247574 -0.57745659 -0.79091561
3 0.92382371 -0.34099352 0.17399183 3 -0.37551573 -0.8955453 0.23871921 3 0.074417412 -0.28587171 -0.95537412
3 -0.92343301 0.36380512 0.12213686 3 0.38291281 0.85235143 0.35619482 3 0.025483333 0.37568927 -0.92639518
3 -0.27847168 0.95853686 0.060504418 3 0.93476444 0.28495768 -0.21216699 3 -0.2206127 -0.0025194585 -0.97535825
3 -0.26167414 -0.95887202 -0.10995934 3 -0.96256614 0.26761371 -0.043003373 3 0.070660576 0.094587401 -0.99300569
3 -0.77247602 -0.23039252 0.59177709 3 -0.49419853 0.80331093 -0.33235437 3 -0.39880779 -0.54919076 -0.73439902
3 -0.98380029 0.079230972 0.16080889 3 0.026607897 0.95163113 -0.30608881 3 -0.1772798 -0.29685166 -0.9383235
3 -0.082341701 -0.93851769 0.33526754 3 -0.93472159 0.18942416 0.30068928 3 -0.34571001 -0.28862271 -0.89285028
3 -0.31773987 -0.8333779 -0.4522419 3 -0.84808725 0.46308109 -0.25749585 3 0.42401585 0.30172351 -0.85391659
3 0.698542 0.47465107 -0.53548622 3 0.63520676 -0.75587785 0.15862286 3 -0.32946992 -0.45094797 -0.82951528
3 -0.96078271 0.27712587 -0.0098919543 3 0.27730155 0.96025497 -0.031846125 3 0.00067630655 -0.033341095 -0.99944377
3 0.71583813 0.68665951 0.12678541 3 0.68845648 -0.72437841 0.03610751 3 0.11663201 0.061437037 -0.99127316
3 -0.17443585 -0.95440757 -0.24223623 3 -0.92566359 0.075063504 0.37082702 3 -0.33573645 0.28891769 -0.89655328
3 0.8546474 0.4984239 -0.14543548 3 0.4574526 -0.855344 -0.24315402 3 -0.24558704 0.1412835 -0.95902348
3 -0.48915383 -0.85801584 -0.15664381 3 -0.86870581 0.46321988 0.17543483 3 -0.07796526 0.22189218 -0.97194916
3 -0.30466956 0.65515971 0.69133359 3 0.94536638 0.29642013 0.13571137 3 -0.11601258 0.69491071 -0.70967621
3 -0.85897368 -0.20683913 0.46838212 3 -0.33997872 0.91441423 -0.21968414 3 -0.38285777 -0.34794328 -0.85577768
3 -0.85994262 -0.40247497 -0.31386736 3 -0.45437178 0.88379365 0.11160392 3 0.23247413 0.23858444 -0.9428857
3 -0.97252154 0.22686799 0.052275747 3 0.22741885 0.8776769 0.42185792 3 0.049822535 0.42215496 -0.90515363
3 -0.84526521 -0.4367682 0.30783138 3 -0.50746703 0.83656913 -0.20646831 3 -0.1673401 -0.33073306 -0.92876953
3 0.78950685 -0.61323136 -0.025024403 3 -0.57957655 -0.75835145 0.29831862 3 -0.20191875 -0.22101864 -0.95413804
3 -0.17529775 -0.91281718 0.36882982 3 -0.87978852 0.31338155 0.3574416 3 -0.44186324 -0.26183307 -0.85802138
3 0.6592325 -0.74671 0.088525325 3 -0.64466548 -0.50065225 0.57771438 3 -0.38706112 -0.43792135 -0.81142384
3 -0.9057864 -0.059555952 0.41952828 3 -0.2162936 0.91635799 -0.33690512 3 -0.36437452 -0.39590549 -0.84290576
3 0.91990197 -0.34414974 -0.18799302 3 -0.38891086 -0.86211586 -0.32481486 3 -0.050284449 0.37190944 -0.92690611
3 0.48699677 -0.50531191 -0.71238613 3 -0.87271965 -0.24925542 -0.41980028 3 0.034565769 0.82615292 -0.56238478
3 -0.26183414 -0.95180112 0.15974165 3 -0.92222381 0.29554066 0.24931659 3 -0.28450978 -0.082037136 -0.95515656
3 0.70982897 0.67495447 0.20144291 3 0.69806582 -0.71227908 -0.073228434 3 0.094059162 0.19260144 -0.9767586
3 -0.61453336 -0.77444148 0.1502966 3 -0.69461328 0.62149787 0.36228845 3 -0.37398103 0.11823934 -0.91986835
3 -0.62582666 0.18304664 0.75817877 3 0.75030935 0.40677592 0.52112329 3 -0.21301895 0.89500135 -0.39191279
3 0.70759165 0.5159983 -0.48276272 3 0.67180222 -0.70306319 0.23320402 3 -0.21908125 -0.48933533 -0.84412944
3 -0.36093101 -0.58393872 0.72714806 3 -0.87365621 0.48449737 -0.044575304 3 -0.32627231 -0.65136641 -0.68503147
3 -0.82183921 0.50409079 0.26546723 3 0.34917948 0.81386417 -0.46443415 3 -0.45016992 -0.28899527 -0.84488404
3 -0.48813012 -0.81816411 -0.30386907 3 -0.86657435 0.41292629 0.28025082 3 -0.10381636 0.40012282 -0.91056228
3 0.65062827 -0.75800312 -0.045978874 3 -0.73520333 -0.6135838 -0.28808111 3 0.19015561 0.22123629 -0.95650154
3 0.95440501 0.24227203 0.17440002 3 0.24628107 -0.96919757 -0.0013900511 3 0.1686918 0.044278223 -0.98467392
3 -0.9374212 -0.32460922 -0.12597692 3 -0.3345643 0.93994743 0.067568287 3 0.09648107 0.10548826 -0.98972911
3 -0.6330924 -0.5034923 -0.58795357 3 -0.71831048 0.099050477 0.68863559 3 -0.28848568 0.85830325 -0.42437196
3 0.9512105 0.16537368 -0.26048023 3 0.2681545 -0.8606813 0.43280575 3 -0.15261441 -0.48153815 -0.86303532
3 0.75505865 -0.6532355 0.056300398 3 -0.62842906 -0.69654101 0.34627646 3 -0.18698066 -0.29684323 -0.9364413
3 -0.93441868 0.30869415 0.17767857 3 0.35442242 0.75641316 0.5497489 3 0.035302959 0.57666987 -0.81621414
3 0.85718322 0.39401171 -0.33165005 3 0.44233337 -0.89307064 0.082256742 3 -0.26377836 -0.2172097 -0.93980902
3 0.62459278 0.77750158 0.07331565 3 0.75040925 -0.571518 -0.33204401 3 -0.21626323 0.26240936 -0.94041032
3 -0.88534468 -0.45100236 -0.11296791 3 -0.45051864 0.89222026 -0.031240428 3 0.11488309 0.02323628 -0.9931072
3 -0.73620307 0.65186733 0.18186259 3 0.65912473 0.62969613 0.41114163 3 0.15349521 0.42255071 -0.89324701
3 -0.040124152 0.81587964 -0.57682788 3 0.95483571 -0.13879107 -0.26272792 3 -0.29441309 -0.56131446 -0.77346438
3 -0.58910751 -0.41177547 0.69526488 3 -0.67561328 0.72300649 -0.14425088 3 -0.44328061 -0.55470854 -0.70413125
3 -0.044982515 -0.97891319 -0.19926222 3 -0.99662542 0.057683632 -0.058398157 3 0.068661042 0.19596599 -0.97820401
3 -0.9205215 -0.34358567 -0.18598132 3 -0.38380513 0.88424861 0.26607895 3 0.073033884 0.3163124 -0.94583958
3 -0.66609639 0.64597642 0.37286738 3 0.73549306 0.48578498 0.47229561 3 0.12396081 0.58883345 -0.79869205
3 -0.3040309 0.57128209 0.762366 3 0.95140326 0.14095055 0.27379692 3 0.048960317 0.80855852 -0.58637536
3 0.0096719107 0.85559946 -0.51754808 3 0.94218183 -0.18117303 -0.28190395 3 -0.33496264 -0.48489943 -0.80788159
3 0.24678828 0.95967591 0.13460185 3 0.9518699 -0.21400547 -0.21942067 3 -0.18176681 0.18227547 -0.96630043
3 -0.2293801 0.97329259 -0.0092856679 3 0.97331667 0.22930333 -0.0086427834 3 -0.0062833098 -0.011017887 -0.99991965
3 0.058517549 -0.88813579 0.45584041 3 -0.9631238 0.069896325 0.25982136 3 -0.26261812 -0.45423657 -0.85129368
3 0.71715087 0.38435093 -0.58135098 3 0.65108079 -0.66702473 0.36217636 3 -0.24857143 -0.63824087 -0.72860193
3 -0.55346209 -0.76784599 0.32263345 3 -0.82699668 0.55258876 -0.10354871 3 -0.098773398 -0.32412603 -0.94084334
3 0.44375652 0.88593787 -0.13488618 3 0.86961347 -0.46206748 -0.173972 3 -0.21645376 -0.040095381 -0.97546929
3 0.20202388 -0.9219445 -0.33046129 3 -0.96394473 -0.24684882 0.099379465 3 -0.17319632 0.29846931 -0.93857294
3 -0.68353063 0.65205783 0.32803431 3 0.70473492 0.472507 0.52923131 3 0.19009113 0.59292281 -0.78250104
3 0.033954345 0.50965923 0.85970604 3 0.99894261 0.0093732849 -0.045010295 3 -0.030998159 0.86032575 -0.50880146
3 -0.29112855 -0.92199659 0.25527722 3 -0.93900979 0.32644325 0.1081453 3 -0.18304162 -0.20821881 -0.96080208
3 -0.03266656 0.9806993 0.19277416 3 0.98832226 0.060418114 -0.13988864 3 -0.14883573 0.1859536 -0.97122043
3 -0.28427753 -0.90840465 -0.30657336 3 -0.95752019 0.25287023 0.13860619 3 -0.048387222 0.33295289 -0.94170111
3 0.25541949 0.92758304 0.27267289 3 0.96190906 -0.27222306 0.025008529 3 0.097425319 0.2558988 -0.96178174
3 -0.64963883 0.48063287 0.58903426 3 0.75215173 0.29359725 0.58997333 3 0.11062039 0.82631379 -0.55223984
3 0.886572 -0.46194321 -0.024463952 3 -0.44718909 -0.86938787 0.2102063 3 -0.11837094 -0.17542361 -0.97735101
3 0.70549464 0.70805007 -0.030698957 3 0.70600551 -0.70592183 -0.056839913 3 -0.061917484 0.018425699 -0.99791127
3 0.0025135835 0.99747437 0.070982426 3 0.99897081 0.00070998515 -0.045351904 3 -0.045287754 0.071026638 -0.99644578
3 -0.95568556 0.28407913 -0.077226862 3 0.25818914 0.68278396 -0.68347949 3 -0.14143567 -0.67312998 -0.72587323
3 0.22764494 0.9547087 0.19159654 3 0.96804553 -0.20063218 -0.15044835 3 -0.10519424 0.21972154 -0.96987456
3 0.73754609 0.67529035 0.0029677732 3 0.67120379 -0.73258549 -0.11315484 3 -0.074236758 0.085450225 -0.99357289
3 -0.68738776 -0.72282708 -0.070845708 3 -0.72323859 0.67230171 0.15791295 3 -0.066516027 0.15978371 -0.98490858
3 -0.94005191 -0.10745133 -0.32366133 3 -0.28789896 0.75876844 0.58428133 3 0.18280336 0.64243662 -0.74421644
3 0.3754248 -0.82985747 -0.41278654 3 -0.89278138 -0.20413601 -0.40158397 3 0.24899209 0.5192945 -0.81751817
3 0.80285835 0.37428138 0.46403852 3 0.53400898 -0.79754329 -0.28064042 3 0.26505047 0.47311446 -0.84018511
3 0.32442921 -0.93033659 0.1709367 3 -0.9416883 -0.33471781 -0.034451429 3 0.089267418 -0.14979328 -0.98467928
3 -0.053406045 0.93980122 -0.33752275 3 0.97119987 -0.029713228 -0.23640622 3 -0.23220395 -0.34042346 -0.91114932
3 0.2454337 -0.96937716 -0.008381539 3 -0.96918315 -0.2455547 0.019673441 3 -0.021129087 0.0032946314 -0.99977142
3 -0.45944092 -0.85483384 -0.24119109 3 -0.8881197 0.4459669 0.11116059 3 0.012538334 0.26527628 -0.96409082
3 0.31492054 0.64430642 0.69691765 3 0.93099654 -0.35250196 -0.094804108 3 0.18458194 0.6786837 -0.71085721
3 -0.8757984 0.44858944 -0.1781697 3 0.47898382 0.76214606 -0.43555441 3 -0.059592508 -0.46679905 -0.88235331
3 0.49215689 0.82620418 0.27416861 3 0.856466 -0.40323645 -0.32228345 3 -0.15571587 0.39343214 -0.90607047
3 -0.62512672 -0.6047864 0.4934065 3 -0.7559045 0.62661469 -0.1896368 3 -0.19448695 -0.49151611 -0.84887367
3 0.92664182 -0.31299743 0.2082487 3 -0.37223643 -0.68625677 0.62489343 3 -0.052676354 -0.65657073 -0.75242293
3 -0.71428108 -0.68169397 0.15841734 3 -0.66539741 0.73163754 0.14816624 3 -0.21690805 0.00042186139 -0.97619206
3 0.66738802 0.74370885 0.038606096 3 0.71678287 -0.62743306 -0.30422062 3 -0.2020299 0.23070417 -0.95181906
3 -0.23064297 -0.75638944 -0.61211014 3 -0.9694773 0.23240429 0.078114972 3 0.083171308 0.61144233 -0.78690583
3 -0.71038234 0.62962258 0.31453499 3 0.70039141 0.58837265 0.40406635 3 0.069346733 0.50733817 -0.8589524
3 -0.74695665 0.5609048 0.35698941 3 0.65973073 0.55863243 0.5026778 3 0.082526341 0.61099714 -0.78731936
3 0.74471867 0.61666518 -0.25518242 3 0.64350975 -0.7648629 0.029662728 3 -0.17688812 -0.18630321 -0.96643764
3 0.98542386 -0.15221612 0.075961456 3 -0.10768831 -0.90382445 -0.41413146 3 0.13169518 0.39991453 -0.90704185
3 -0.39905852 0.87479907 0.27473414 3 0.86683083 0.4576048 -0.19799517 3 -0.29892552 0.15913604 -0.94091403
3 -0.55090988 -0.7120418 -0.43530983 3 -0.83308691 0.43817088 0.3375982 3 -0.049643632 0.54863763 -0.83458519
3 -0.21229845 -0.82219416 0.52813452 3 -0.96302992 0.26775089 0.029714905 3 -0.16584042 -0.50230283 -0.84863949
3 -0.67377651 -0.71505386 0.18634154 3 -0.73410481 0.67652565 -0.058335286 3 -0.084352396 -0.17609963 -0.98075151
3 -0.46985531 0.87137347 0.14122403 3 0.82053351 0.49011225 -0.29413396 3 -0.32551667 -0.022320425 -0.94527286
3 0.18811589 -0.97413117 0.12522376 3 -0.94524324 -0.14494786 0.29241312 3 -0.26669881 -0.17336908 -0.94805849
3 -0.75218457 0.65568167 0.065573506 3 0.62862098 0.74384373 -0.22700709 3 -0.19762076 -0.12953041 -0.97168308
3 -0.97159594 0.1577348 0.17641179 3 0.22701937 0.83172637 0.50664926 3 -0.066805556 0.53230649 -0.84391165
3 -0.22795177 -0.87781614 0.42127988 3 -0.96171701 0.27058119 0.043428272 3 -0.15211295 -0.39525437 -0.90588933
3 -0.3657811 -0.92031282 0.13866682 3 -0.86939031 0.39105362 0.30205572 3 -0.33221176 -0.010068951 -0.94315112
3 0.53521025 0.64259422 0.54829073 3 0.84471869 -0.40665653 -0.34796682 3 -0.00063725276 0.64938468 -0.7604599
3 0.18483628 -0.98195308 0.040047079 3 -0.94622225 -0.16680552 0.27719891 3 -0.26551682 -0.089126796 -0.95997763
3 -0.52078819 -0.63081092 0.57520205 3 -0.7076267 0.69589007 0.12248123 3 -0.47753805 -0.34323931 -0.80879182
3 -0.80417448 0.5120911 0.30177182 3 0.25863799 0.75858271 -0.59804577 3 -0.53517121 -0.40288442 -0.74247956
3 0.88429374 0.39833784 -0.24362172 3 0.43265426 -0.89522517 0.10668752 3 -0.17559801 -0.1997468 -0.96398473
3 -0.27323854 -0.96193892 -0.0037631155 3 -0.96192336 0.27325693 -0.0058288518 3 0.0066348268 0.0020255058 -0.99997592
3 0.5955863 0.72331119 0.34942508 3 0.80247843 -0.55530947 -0.21831182 3 0.036131024 0.41042882 -0.91117668
3 0.75806624 0.18702129 -0.62478691 3 0.41392493 -0.87828958 0.2393195 3 -0.503986 -0.4400349 -0.74321437
3 0.9927178 -0.044055689 -0.11211784 3 -0.036395766 -0.99691957 0.069473818 3 -0.11483546 -0.064887188 -0.99126309
3 0.9336217 0.35355613 -0.057865724 3 0.34564054 -0.9313997 -0.11413595 3 -0.094251886 0.0865582 -0.99177831
3 0.86085385 -0.48573819 -0.15162145 3 -0.48744541 -0.70166403 -0.5196774 3 0.14604135 0.5212726 -0.8408013
3 0.99021482 0.10762613 0.088832326 3 0.13873479 -0.82797474 -0.54333287 3 0.015069612 0.55033994 -0.83480477
3 -0.91481662 -0.39831606 -0.06674397 3 -0.39298764 0.91603196 -0.080286309 3 0.093119748 -0.047217354 -0.99453461
3 -0.96243036 0.27142072 0.0076520746 3 0.27123445 0.95969462 0.073606953 3 0.012631487 0.072918013 -0.99725795
3 -0.24945395 -0.95331883 -0.17016475 3 -0.96835911 0.2468929 0.036396168 3 0.0073152776 0.17385958 -0.9847433
3 0.55677569 -0.82978815 -0.038110178 3 -0.78855062 -0.5424149 0.28978232 3 -0.26113147 -0.13128899 -0.95633334
3 -0.97063035 0.20822746 0.12049133 3 0.12503286 0.86451715 -0.48680276 3 -0.20553339 -0.45743993 -0.86516166
3 -0.90004969 0.40527996 -0.16018333 3 0.42767483 0.89205331 -0.14606556 3 0.083696842 -0.19997366 -0.97622001
3 0.4789018 -0.87191123 0.10209785 3 -0.82095581 -0.48600933 -0.29971039 3 0.31093976 0.059716854 -0.9485516
3 -0.88998622 0.43624815 -0.13271081 3 0.44220772 0.89673644 -0.017776541 3 0.11125268 -0.074507125 -0.99099517
3 0.72806448 -0.68262208 -0.06284333 3 -0.68495858 -0.72808892 -0.026803961 3 -0.027455378 0.062557109 -0.99766374
3 0.51237035 0.80781174 0.29140469 3 0.85872018 -0.48539683 -0.16428521 3 0.0087348474 0.33440915 -0.94238758
3 0.97757173 0.15759286 0.13970663 3 0.21059775 -0.73599344 -0.64339894 3 0.0014262217 0.65839028 -0.75267541
3 -0.84614521 -0.50207019 -0.17878418 3 -0.47440872 0.86241025 -0.17659183 3 0.2428485 -0.064604551 -0.96791047
3 0.76777154 -0.54007649 -0.34473798 3 -0.63876891 -0.68718988 -0.34604105 3 -0.050012376 0.48588875 -0.87258857
3 -0.91731632 -0.36062601 0.16875924 3 -0.38905358 0.90197003 -0.18731621 3 -0.084666982 -0.2374855 -0.96769422
3 0.68943453 -0.71849614 -0.09188845 3 -0.70577872 -0.63779324 -0.30837706 3 0.16296129 0.27745926 -0.94681573
3 0.79504871 -0.59979945 -0.090211809 3 -0.60531247 -0.77512825 -0.18103351 3 0.038656358 0.19853808 -0.9793306
3 0.74397558 0.57639802 0.33803201 3 0.66682911 -0.6729005 -0.32022429 3 0.042883486 0.46364728 -0.88498139
3 0.48135081 -0.74187243 0.46682632 3 -0.87595874 -0.4263331 0.22569138 3 0.031588051 -0.51755536 -0.85506654
3 0.64654773 -0.68405145 0.33771238 3 -0.73038071 -0.42723057 0.53293377 3 -0.22027276 -0.59122604 -0.77584279
3 0.90795034 0.35110521 -0.22880405 3 0.402652 -0.88222682 0.24402364 3 -0.11617746 -0.31368911 -0.94239175
3 -0.61222148 -0.78833109 -0.060982201 3 -0.75327444 0.60495973 -0.25807199 3 0.24033786 -0.11206105 -0.96419913
3 -0.22808932 -0.8225022 -0.52102333 3 -0.96287811 0.26989841 -0.0045484006 3 0.14436473 0.50064558 -0.85352969
3 -0.40361449 -0.79644257 -0.4503049 3 -0.90871334 0.40623075 0.096002549 3 0.10646906 0.44794983 -0.88769662
3 0.4273012 0.90354043 0.032069854 3 0.88873357 -0.42628393 0.16862647 3 0.16603199 -0.043552112 -0.98515821
3 -0.62278765 -0.78227633 0.013383958 3 -0.74622595 0.58877254 -0.31063455 3 0.23512071 -0.20344847 -0.95043528
3 -0.86187255 -0.4509666 -0.23195879 3 -0.4088622 0.88851821 -0.20824791 3 0.30001262 -0.084643885 -0.95017254
3 0.45107317 0.8590259 0.2420902 3 0.89175093 -0.44481894 -0.083167054 3 0.036242377 0.25339612 -0.96668357
3 -0.43244946 -0.88154006 -0.1894061 3 -0.80817759 0.4721086 -0.35208312 3 0.39979592 0.00081630185 -0.9166038
3 0.76924849 -0.63656747 -0.055124752 3 -0.63484985 -0.75170493 -0.17862087 3 0.072269104 0.17239776 -0.9823727
3 -0.52187937 0.81820136 0.24122298 3 0.85222918 0.48794466 0.18872109 3 0.036707383 0.30406845 -0.9519428
3 0.88140422 -0.45708558 -0.11916112 3 -0.44046283 -0.70416695 -0.55690336 3 0.17063887 0.54334527 -0.82198435
3 0.46232772 -0.57843494 0.67206115 3 -0.87161732 -0.43570307 0.22460307 3 0.16289935 -0.68961847 -0.70561361
3 -0.08625745 0.97556245 -0.2020829 3 0.94156814 0.14611593 0.30347914 3 0.32559022 -0.16409549 -0.9311626
3 0.73663878 -0.58228248 0.34396261 3 -0.58254486 -0.80467659 -0.11461692 3 0.3435162 -0.11594089 -0.93196267
3 0.9647696 0.25914681 0.045415878 3 0.21788135 -0.88373017 0.41418457 3 0.14747232 -0.38969678 -0.90905911
3 0.61245555 -0.78477097 -0.095040962 3 -0.78855002 -0.59805894 -0.14322793 3 0.055561908 0.16266416 -0.98511577
3 -0.78348267 0.62039822 -0.035509784 3 0.53102082 0.69810057 0.48028365 3 0.32275456 0.35743904 -0.87639415
3 0.77667218 -0.25664726 0.57524991 3 -0.14555722 -0.96164 -0.23251119 3 0.61285734 0.096853003 -0.78423554
3 -0.85086375 0.49708804 -0.17010109 3 0.47711843 0.86663198 0.14596979 3 0.21997306 0.043043099 -0.97455597
3 -0.70639676 0.70730108 -0.02699608 3 0.6620211 0.6737088 0.32839659 3 0.25046068 0.21410839 -0.94415408
3 0.84699565 -0.43530056 0.30514222 3 -0.4486945 -0.89322221 -0.028766379 3 0.28508374 -0.11255161 -0.95187163
3 -0.86711746 0.18642512 -0.46190163 3 0.26503581 0.95783287 -0.11096102 3 0.42174006 -0.21863699 -0.87996203
3 0.60367465 0.78867269 0.11650097 3 0.73002076 -0.60557461 0.31677958 3 0.32038486 -0.10618437 -0.94131744
3 -0.24351582 0.75377172 0.61035091 3 0.96963775 0.17465331 0.1711694 3 0.022422694 0.63350219 -0.77341598
3 0.95095181 -0.057836685 0.30388379 3 0.089001156 -0.88967264 -0.44784069 3 0.29625675 0.45292112 -0.8408891
3 0.43978408 -0.89613515 0.059428226 3 -0.89278281 -0.44341263 -0.079524331 3 0.097615398 -0.01808219 -0.99505997
3 0.56843626 -0.81758851 -0.091811024 3 -0.7469154 -0.46604329 -0.4742586 3 0.34496111 0.33815995 -0.87558544
3 -0.19997728 0.85438359 -0.47962251 3 0.83805388 0.40275872 0.36803675 3 0.50761682 -0.32835102 -0.79656184
3 -0.29323539 0.95400679 -0.062320612 3 0.94858027 0.29845586 0.10544842 3 0.11919793 -0.028193073 -0.99247015
3 -0.97215581 0.064930871 -0.22516029 3 0.076371863 0.99617445 -0.042471416 3 0.22153868 -0.058484569 -0.97339618
3 0.9424305 0.26040772 0.20979162 3 0.11800681 -0.84598601 0.51998287 3 0.31288958 -0.46529058 -0.82801265
3 -0.98021698 -0.13054407 -0.14877091 3 -0.055765416 0.90335453 -0.42525363 3 0.18990955 -0.4085443 -0.89276308
3 0.94099456 0.070772991 0.33093849 3 -0.020035774 -0.96452284 0.2632384 3 0.33782989 -0.25433639 -0.90619218
3 0.69019884 -0.71919531 0.079897314 3 -0.72249752 -0.69106174 0.020759275 3 0.040285494 -0.072055198 -0.99658674
3 -0.83027416 0.55209899 -0.076364055 3 0.55065304 0.83373821 0.040765569 3 0.08617153 -0.0082016801 -0.99624658
3 -0.19295293 -0.85056984 -0.48918301 3 -0.95092034 0.28501382 -0.12048928 3 0.24190877 0.4419266 -0.86381775
3 -0.45309177 -0.88523847 -0.10516986 3 -0.56713307 0.37725759 -0.73214519 3 0.68779922 -0.2720837 -0.67298031
3 -0.46914944 -0.79327577 -0.38808808 3 -0.87852937 0.46397492 0.11363783 3 0.089915469 0.39425731 -0.9145909
3 -0.6946398 0.28184336 -0.66184574 3 0.37010908 0.9289608 0.0071450323 3 0.61684263 -0.23999195 -0.74960589
3 0.90023112 0.15405323 0.40724877 3 0.25463021 -0.94497269 -0.20540254 3 0.3531954 0.28860748 -0.88992065
3 0.99558145 0.053004257 0.077511288 3 0.07223253 -0.95972574 -0.27149355 3 0.059997316 0.2758927 -0.95931405
3 0.90011257 0.42002326 0.11566279 3 0.38852715 -0.89403546 0.22304094 3 0.19708656 -0.15582494 -0.96792328
3 -0.32972199 0.94323665 0.039850637 3 0.87291867 0.28852034 0.39340729 3 0.35957918 0.1644993 -0.91850042
3 0.40341571 -0.91472453 0.023125906 3 -0.90967864 -0.40366015 -0.097689755 3 0.098693594 0.018373866 -0.99494827
3 0.89115161 -0.10714702 0.44087213 3 -0.1767624 -0.97692704 0.11986983 3 0.41785842 -0.18475208 -0.88952869
3 -0.44593418 -0.89096856 -0.085544556 3 -0.57071096 0.35665971 -0.73965043 3 0.68951577 -0.28101367 -0.66753215
3 0.98591888 -0.16335528 0.035763599 3 -0.13883679 -0.91882253 -0.36944559 3 0.093213141 0.35927776 -0.92856413
3 -0.55105346 0.19501582 -0.81136245 3 0.43558991 0.89655209 -0.080348179 3 0.71175915 -0.39769727 -0.57899547
3 0.73988068 -0.59745938 0.30922285 3 -0.52963454 -0.80073023 -0.2798546 3 0.4148055 0.043284226 -0.90888017
3 0.82578272 0.53213698 0.18685056 3 0.48863909 -0.84048814 0.23411819 3 0.28162569 -0.10203019 -0.95408422
3 -0.81328565 -0.48093563 -0.32751709 3 -0.44140717 0.87668717 -0.19125715 3 0.37911257 -0.010978187 -0.9252854
3 0.51463789 -0.67791343 0.52495831 3 -0.1219133 -0.66389799 -0.73781884 3 0.84869593 0.31571037 -0.4243139
3 -0.35853887 0.92236328 -0.1438605 3 0.8336904 0.38571024 0.39520627 3 0.420012 0.021762349 -0.90725762
3 -0.15190481 -0.98771995 -0.036528416 3 -0.55669522 0.1160369 -0.82257271 3 0.81671017 -0.10461692 -0.56748545
0 0 0 1 0 0 0 1 0 0 0 1 0 0 0 0 0 348 1 0 0
