# .PCD v0.7 - Point Cloud Data file format
VERSION 0.7
FIELDS x_axis y_axis z_axis
SIZE 4 4 4
TYPE F F F
COUNT 3 3 3
WIDTH 284
HEIGHT 1
VIEWPOINT 0 0 0 1 0 0 0
POINTS 284
DATA ascii
0.063605793 -0.78481156 0.61646187 0.85246783 -0.27845219 -0.44245136 0.51889604 0.55365628 0.65131539
0.063605793 -0.78481156 0.61646187 0.85246783 -0.27845219 -0.44245136 0.51889604 0.55365628 0.65131539
0.015095168 -0.94206518 0.33509016 0.67676783 -0.23707031 -0.69698137 0.73604178 0.23729929 0.63398075
0.015095168 -0.94206518 0.33509016 0.67676783 -0.23707031 -0.69698137 0.73604178 0.23729929 0.63398075
-0.013301384 -0.99982655 0.013033913 0.67265004 -0.01859194 -0.7397272 0.73984128 -0.0010721519 0.67278069
-0.013301384 -0.99982655 0.013033913 0.67265004 -0.01859194 -0.7397272 0.73984128 -0.0010721519 0.67278069
0.14767566 0.60703123 -0.78083611 -0.78920943 0.54816192 0.27688831 0.59610444 0.57535356 0.56002486
0.14767566 0.60703123 -0.78083611 -0.78920943 0.54816192 0.27688831 0.59610444 0.57535356 0.56002486
0.50246114 0.22212298 -0.83558017 0.62842494 -0.75758076 0.17650372 -0.59381402 -0.61378568 -0.52024233
0.50246114 0.22212298 -0.83558017 0.62842494 -0.75758076 0.17650372 -0.59381402 -0.61378568 -0.52024233
0.59533769 0.45901957 -0.65944993 -0.37506995 0.88460135 0.27713406 0.71056014 0.082351506 0.69880086
0.59533769 0.45901957 -0.65944993 -0.37506995 0.88460135 0.27713406 0.71056014 0.082351506 0.69880086
0.40731692 -0.70025033 -0.58629555 0.59554315 0.69034958 -0.41078717 0.69240266 -0.18184373 0.69822031
0.40731692 -0.70025033 -0.58629555 0.59554315 0.69034958 -0.41078717 0.69240266 -0.18184373 0.69822031
-0.50656688 -0.30826992 0.80520785 0.55674851 -0.830046 0.032478765 0.65834731 0.46475095 0.59210259
-0.50656688 -0.30826992 0.80520785 0.55674851 -0.830046 0.032478765 0.65834731 0.46475095 0.59210259
0.73082721 0.60760117 -0.31098628 -0.29193798 0.69009119 0.66222847 0.6169796 -0.39318594 0.68171924
0.73082721 0.60760117 -0.31098628 -0.29193798 0.69009119 0.66222847 0.6169796 -0.39318594 0.68171924
0.40624675 0.59110683 -0.69681877 -0.59670979 0.74914438 0.28761128 0.69202679 0.29895741 0.65705663
0.40624675 0.59110683 -0.69681877 -0.59670979 0.74914438 0.28761128 0.69202679 0.29895741 0.65705663
0.47019908 -0.58165145 -0.66377288 0.65869164 0.73184919 -0.17470573 0.58739954 -0.35507524 0.72724372
0.47019908 -0.58165145 -0.66377288 0.65869164 0.73184919 -0.17470573 0.58739954 -0.35507524 0.72724372
0.009049546 0.63982886 -0.76846415 0.82322448 -0.44101667 -0.3574993 -0.56764388 -0.62938333 -0.53071374
0.009049546 0.63982886 -0.76846415 0.82322448 -0.44101667 -0.3574993 -0.56764388 -0.62938333 -0.53071374
-0.32391718 -0.47217754 0.81983298 0.64178103 -0.74635112 -0.17628755 0.69512218 0.46905059 0.54479057
-0.32391718 -0.47217754 0.81983298 0.64178103 -0.74635112 -0.17628755 0.69512218 0.46905059 0.54479057
0.056355856 0.92417085 -0.37779945 -0.73370975 0.29496652 0.61209887 0.677122 0.24269985 0.69469613
0.056355856 0.92417085 -0.37779945 -0.73370975 0.29496652 0.61209887 0.677122 0.24269985 0.69469613
-0.42522079 0.90441418 -0.034962758 0.60149926 0.25351533 -0.75758088 -0.67630321 -0.34316918 -0.65180439
-0.42522079 0.90441418 -0.034962758 0.60149926 0.25351533 -0.75758088 -0.67630321 -0.34316918 -0.65180439
0.22290944 0.7786907 -0.58647442 0.55375135 -0.59626979 -0.58122456 -0.8022911 -0.19520058 -0.56411511
0.22290944 0.7786907 -0.58647442 0.55375135 -0.59626979 -0.58122456 -0.8022911 -0.19520058 -0.56411511
0.19603086 0.48195371 -0.85398626 0.74874359 -0.63592988 -0.18701929 -0.63321 -0.60275519 -0.48552167
0.19603086 0.48195371 -0.85398626 0.74874359 -0.63592988 -0.18701929 -0.63321 -0.60275519 -0.48552167
-0.89993191 -0.43598431 0.0063410848 0.31820518 -0.66662318 -0.67406154 0.29810742 -0.60459167 0.738648
-0.89993191 -0.43598431 0.0063410848 0.31820518 -0.66662318 -0.67406154 0.29810742 -0.60459167 0.738648
0.69559699 -0.38416976 -0.60709012 0.4826386 0.87581879 -0.0012208223 0.53217006 -0.29215598 0.79463202
0.69559699 -0.38416976 -0.60709012 0.4826386 0.87581879 -0.0012208223 0.53217006 -0.29215598 0.79463202
-0.56367832 0.82364851 0.062209081 0.36997303 0.31909806 -0.87252307 -0.73850304 -0.46880659 -0.48459634
-0.56367832 0.82364851 0.062209081 0.36997303 0.31909806 -0.87252307 -0.73850304 -0.46880659 -0.48459634
-0.42918369 -0.24297917 0.86992097 -0.46345085 0.88592309 0.018800929 -0.77525133 -0.39509657 -0.49283266
-0.42918369 -0.24297917 0.86992097 -0.46345085 0.88592309 0.018800929 -0.77525133 -0.39509657 -0.49283266
0.88613856 -0.21752997 -0.40919331 0.39688963 0.81208277 0.42778522 0.23924273 -0.54148155 0.80595326
0.88613856 -0.21752997 -0.40919331 0.39688963 0.81208277 0.42778522 0.23924273 -0.54148155 0.80595326
0.061380241 -0.9797647 0.19050863 -0.65661627 0.10411429 0.74700433 -0.75172317 -0.17094234 -0.63693893
0.061380241 -0.9797647 0.19050863 -0.65661627 0.10411429 0.74700433 -0.75172317 -0.17094234 -0.63693893
0.41163126 -0.80410391 -0.4289248 0.69215733 0.58200598 -0.42683402 0.59285575 -0.12118515 0.79613847
0.41163126 -0.80410391 -0.4289248 0.69215733 0.58200598 -0.42683402 0.59285575 -0.12118515 0.79613847
-0.23835923 0.97034228 0.040259734 -0.52166671 -0.16289076 0.83745486 0.81917572 0.17861295 0.54502171
-0.23835923 0.97034228 0.040259734 -0.52166671 -0.16289076 0.83745486 0.81917572 0.17861295 0.54502171
-0.51383615 0.77071017 0.37680006 0.36942029 0.59519088 -0.71363616 -0.77427465 -0.22749436 -0.59054649
-0.51383615 0.77071017 0.37680006 0.36942029 0.59519088 -0.71363616 -0.77427465 -0.22749436 -0.59054649
-0.23351824 0.95304966 0.19278356 -0.84822756 -0.29659444 0.43879575 0.47537267 -0.061057441 0.87766331
-0.23351824 0.95304966 0.19278356 -0.84822756 -0.29659444 0.43879575 0.47537267 -0.061057441 0.87766331
0.33201739 -0.94037002 -0.073950112 0.85814422 0.33367056 -0.39019516 0.39160275 0.06609191 0.91775763
0.33201739 -0.94037002 -0.073950112 0.85814422 0.33367056 -0.39019516 0.39160275 0.06609191 0.91775763
-0.47574285 0.69603598 0.53777581 -0.85819614 -0.50132072 -0.11034977 0.19279076 -0.51401526 0.83583492
-0.47574285 0.69603598 0.53777581 -0.85819614 -0.50132072 -0.11034977 0.19279076 -0.51401526 0.83583492
0.59431428 -0.76430994 -0.25024197 0.45962566 0.5781281 -0.67417538 0.65995073 0.2856544 0.69488615
0.59431428 -0.76430994 -0.25024197 0.45962566 0.5781281 -0.67417538 0.65995073 0.2856544 0.69488615
0.54348016 -0.25440452 -0.79994226 -0.26756608 0.8507576 -0.45234942 0.79563659 0.45988041 0.39429998
0.54348016 -0.25440452 -0.79994226 -0.26756608 0.8507576 -0.45234942 0.79563659 0.45988041 0.39429998
0.21690664 -0.78091049 -0.58577335 0.97613674 0.16709843 0.13869122 -0.010423636 -0.60187781 0.79852015
0.21690664 -0.78091049 -0.58577335 0.97613674 0.16709843 0.13869122 -0.010423636 -0.60187781 0.79852015
0.44902417 -0.80831569 -0.38079277 0.87154216 0.49015483 -0.012753233 0.19695598 -0.3261503 0.92457253
0.44902417 -0.80831569 -0.38079277 0.87154216 0.49015483 -0.012753233 0.19695598 -0.3261503 0.92457253
-0.34520444 -0.48816034 0.8015818 0.65350634 -0.7380358 -0.16802591 0.67361963 0.46583545 0.57378918
-0.34520444 -0.48816034 0.8015818 0.65350634 -0.7380358 -0.16802591 0.67361963 0.46583545 0.57378918
0.28815752 0.43713152 -0.85198665 -0.78339726 0.61927682 0.052775025 0.55068517 0.6522364 0.52089703
0.28815752 0.43713152 -0.85198665 -0.78339726 0.61927682 0.052775025 0.55068517 0.6522364 0.52089703
0.6572209 -0.69419932 -0.29350981 0.73737186 0.67284155 0.059725545 0.15602419 -0.25567877 0.95408857
0.6572209 -0.69419932 -0.29350981 0.73737186 0.67284155 0.059725545 0.15602419 -0.25567877 0.95408857
0.47013181 0.56665426 -0.67666757 -0.82561183 0.55337024 -0.11021188 0.31199554 0.61047876 0.72799361
0.47013181 0.56665426 -0.67666757 -0.82561183 0.55337024 -0.11021188 0.31199554 0.61047876 0.72799361
-0.95901263 -0.0057117329 -0.28330564 -0.16845298 0.81544077 0.55378687 0.22785577 0.57881236 -0.7829802
-0.95901263 -0.0057117329 -0.28330564 -0.16845298 0.81544077 0.55378687 0.22785577 0.57881236 -0.7829802
-0.96817756 0.24546355 0.04878512 -0.21089455 -0.69526529 -0.68711716 -0.13474372 -0.67553979 0.7249071
-0.96817756 0.24546355 0.04878512 -0.21089455 -0.69526529 -0.68711716 -0.13474372 -0.67553979 0.7249071
-0.90021062 -0.15763433 -0.40592164 -0.38471884 0.72459072 0.57180399 0.2039912 0.67090964 -0.71292901
-0.90021062 -0.15763433 -0.40592164 -0.38471884 0.72459072 0.57180399 0.2039912 0.67090964 -0.71292901
-0.98970306 0.1284202 0.063215256 -0.14228086 -0.83444256 -0.53241146 -0.015622905 -0.53592354 0.84412199
-0.98970306 0.1284202 0.063215256 -0.14228086 -0.83444256 -0.53241146 -0.015622905 -0.53592354 0.84412199
0.83862591 -0.47674352 -0.26348096 0.34071749 0.83651453 -0.42913297 0.42499176 0.27010959 0.8639577
0.83862591 -0.47674352 -0.26348096 0.34071749 0.83651453 -0.42913297 0.42499176 0.27010959 0.8639577
-0.037872549 -0.87976563 0.47389683 0.97788715 0.064980276 0.1987827 -0.20567611 0.47094619 0.85785031
-0.037872549 -0.87976563 0.47389683 0.97788715 0.064980276 0.1987827 -0.20567611 0.47094619 0.85785031
-0.38680899 -0.63645309 -0.6673128 -0.91702962 0.34170717 0.20565274 0.097137295 0.69149393 -0.71582156
-0.38680899 -0.63645309 -0.6673128 -0.91702962 0.34170717 0.20565274 0.097137295 0.69149393 -0.71582156
-0.51490176 0.85712856 -0.014378607 -0.77788115 -0.46011552 0.42801234 0.36024585 0.23156911 0.90365851
-0.51490176 0.85712856 -0.014378607 -0.77788115 -0.46011552 0.42801234 0.36024585 0.23156911 0.90365851
0.9636718 -0.26142892 -0.054695886 0.2669481 0.93609023 0.22907218 -0.0086858002 -0.23535135 0.97187161
0.9636718 -0.26142892 -0.054695886 0.2669481 0.93609023 0.22907218 -0.0086858002 -0.23535135 0.97187161
-0.038539331 -0.95154953 0.30507094 0.97141993 0.035882551 0.23464017 -0.23421845 0.30539492 0.92297119
-0.038539331 -0.95154953 0.30507094 0.97141993 0.035882551 0.23464017 -0.23421845 0.30539492 0.92297119
-0.14200008 -0.65445739 -0.74264497 -0.97818255 0.20770931 0.003992632 0.15164126 0.7270093 -0.66967344
-0.14200008 -0.65445739 -0.74264497 -0.97818255 0.20770931 0.003992632 0.15164126 0.7270093 -0.66967344
0.56858557 0.5212515 0.63640177 -0.70780748 0.70421493 0.05558756 -0.41918868 -0.48205638 0.76935214
0.56858557 0.5212515 0.63640177 -0.70780748 0.70421493 0.05558756 -0.41918868 -0.48205638 0.76935214
-0.32823402 0.76786578 -0.55013162 -0.91751003 -0.39764056 -0.0075919628 -0.22458415 0.50225908 0.83504361
-0.32823402 0.76786578 -0.55013162 -0.91751003 -0.39764056 -0.0075919628 -0.22458415 0.50225908 0.83504361
-0.95040429 -0.12783463 0.28353125 -0.2191634 0.92210203 -0.31889701 -0.22067873 -0.36522076 -0.9043864
-0.95040429 -0.12783463 0.28353125 -0.2191634 0.92210203 -0.31889701 -0.22067873 -0.36522076 -0.9043864
0.27538425 0.68695962 0.67249537 -0.84045005 0.51164871 -0.17849237 -0.46669841 -0.51604474 0.71825522
0.27538425 0.68695962 0.67249537 -0.84045005 0.51164871 -0.17849237 -0.46669841 -0.51604474 0.71825522
0.40452355 -0.64967716 -0.64364612 -0.90333599 -0.17408612 -0.39201805 0.14263524 0.74000931 -0.65729856
0.40452355 -0.64967716 -0.64364612 -0.90333599 -0.17408612 -0.39201805 0.14263524 0.74000931 -0.65729856
-0.79210126 0.61001986 -0.021248054 -0.58392739 -0.74716318 0.3174527 0.17777669 0.26386195 0.94803607
-0.79210126 0.61001986 -0.021248054 -0.58392739 -0.74716318 0.3174527 0.17777669 0.26386195 0.94803607
0.81466353 -0.53836739 -0.21560153 0.5678851 0.66517144 0.48482332 -0.1176011 -0.51740468 0.84762162
0.81466353 -0.53836739 -0.21560153 0.5678851 0.66517144 0.48482332 -0.1176011 -0.51740468 0.84762162
0.40071794 -0.7046482 -0.58557338 0.90636992 0.21150379 0.36573204 -0.13386133 -0.67730153 0.72342515
0.40071794 -0.7046482 -0.58557338 0.90636992 0.21150379 0.36573204 -0.13386133 -0.67730153 0.72342515
-0.87205297 0.1910063 -0.45059994 0.38353246 0.83864069 -0.38676208 0.30401766 -0.51009673 -0.80459601
-0.87205297 0.1910063 -0.45059994 0.38353246 0.83864069 -0.38676208 0.30401766 -0.51009673 -0.80459601
0.42672697 0.88843715 -0.16906665 -0.87188947 0.45380208 0.18404494 0.24023519 0.068870597 0.96826857
0.42672697 0.88843715 -0.16906665 -0.87188947 0.45380208 0.18404494 0.24023519 0.068870597 0.96826857
-0.90737951 -0.25912684 -0.3309316 -0.10062066 0.89837229 -0.4275544 0.40809059 -0.35465553 -0.84123814
-0.90737951 -0.25912684 -0.3309316 -0.10062066 0.89837229 -0.4275544 0.40809059 -0.35465553 -0.84123814
-0.19740786 -0.90502757 0.37676966 -0.91992962 0.038207769 -0.39021784 0.33876234 -0.42363361 -0.84010404
-0.19740786 -0.90502757 0.37676966 -0.91992962 0.038207769 -0.39021784 0.33876234 -0.42363361 -0.84010404
-0.88316244 0.056056663 -0.46570566 -0.18812786 -0.95181364 0.24219581 -0.4296883 0.30151045 0.85115182
-0.88316244 0.056056663 -0.46570566 -0.18812786 -0.95181364 0.24219581 -0.4296883 0.30151045 0.85115182
-0.12529473 -0.58974493 -0.79781091 -0.95557356 0.28798401 -0.062807843 0.26679736 0.75449741 -0.59962744
-0.12529473 -0.58974493 -0.79781091 -0.95557356 0.28798401 -0.062807843 0.26679736 0.75449741 -0.59962744
0.1917375 0.87289912 -0.44864696 0.96879005 -0.095156237 0.22889176 0.1571078 -0.47853181 -0.86390072
0.1917375 0.87289912 -0.44864696 0.96879005 -0.095156237 0.22889176 0.1571078 -0.47853181 -0.86390072
0.5397833 0.84126949 0.029994095 0.80825001 -0.52789807 0.26087457 0.23529968 -0.11657292 -0.96490663
0.5397833 0.84126949 0.029994095 0.80825001 -0.52789807 0.26087457 0.23529968 -0.11657292 -0.96490663
-0.94651532 0.057599545 -0.31747612 -0.12653959 0.83884841 0.52945381 0.29681051 0.54130942 -0.78669429
-0.94651532 0.057599545 -0.31747612 -0.12653959 0.83884841 0.52945381 0.29681051 0.54130942 -0.78669429
-0.97471654 -0.12062269 -0.18809029 0.11690744 -0.9926663 0.030764308 -0.19042173 0.0079973247 0.98166984
-0.97471654 -0.12062269 -0.18809029 0.11690744 -0.9926663 0.030764308 -0.19042173 0.0079973247 0.98166984
-0.70172876 0.51409537 0.49323705 -0.70345807 -0.39036459 -0.59393781 -0.1127983 -0.7637549 0.63557446
-0.70172876 0.51409537 0.49323705 -0.70345807 -0.39036459 -0.59393781 -0.1127983 -0.7637549 0.63557446
-0.89428401 -0.093951881 -0.4375262 -0.36129537 0.72848797 0.58204025 0.26404887 0.67858547 -0.6854195
-0.89428401 -0.093951881 -0.4375262 -0.36129537 0.72848797 0.58204025 0.26404887 0.67858547 -0.6854195
-0.4333607 0.76565933 -0.475357 0.86013412 0.50883532 0.035438955 0.2690126 -0.39351293 -0.87907898
-0.4333607 0.76565933 -0.475357 0.86013412 0.50883532 0.035438955 0.2690126 -0.39351293 -0.87907898
0.16436666 -0.87799716 0.44956034 0.9595958 0.24785119 0.13321255 -0.22838433 0.4095006 0.88326097
0.16436666 -0.87799716 0.44956034 0.9595958 0.24785119 0.13321255 -0.22838433 0.4095006 0.88326097
-0.90419328 -0.31266603 -0.29098898 -0.41549337 0.80177027 0.42956936 0.098994635 0.5093177 -0.85486585
-0.90419328 -0.31266603 -0.29098898 -0.41549337 0.80177027 0.42956936 0.098994635 0.5093177 -0.85486585
0.0059138788 0.98613793 -0.16582246 -0.98232609 -0.025294898 -0.1854611 -0.18708467 0.16398865 0.96855932
0.0059138788 0.98613793 -0.16582246 -0.98232609 -0.025294898 -0.1854611 -0.18708467 0.16398865 0.96855932
-0.96839178 0.23445889 -0.085126474 0.11346908 0.71800035 0.68673164 0.22213107 0.65536594 -0.7219094
-0.96839178 0.23445889 -0.085126474 0.11346908 0.71800035 0.68673164 0.22213107 0.65536594 -0.7219094
-0.99668896 0.063312866 -0.051016543 -0.022188341 -0.81540918 -0.57845974 -0.07822331 -0.57541239 0.81411403
-0.99668896 0.063312866 -0.051016543 -0.022188341 -0.81540918 -0.57845974 -0.07822331 -0.57541239 0.81411403
-0.86633438 -0.16244055 -0.4723112 0.45510679 -0.64632457 -0.61248893 -0.20577335 -0.74557221 0.63386089
-0.86633438 -0.16244055 -0.4723112 0.45510679 -0.64632457 -0.61248893 -0.20577335 -0.74557221 0.63386089
-0.57417816 -0.76428366 0.29358134 0.78702605 -0.41641837 0.45517677 -0.22563148 0.49240869 0.84060943
-0.57417816 -0.76428366 0.29358134 0.78702605 -0.41641837 0.45517677 -0.22563148 0.49240869 0.84060943
0.77390838 -0.43065017 0.46433425 -0.5740205 -0.78672838 0.22706616 0.26751903 -0.44226587 -0.85605758
0.77390838 -0.43065017 0.46433425 -0.5740205 -0.78672838 0.22706616 0.26751903 -0.44226587 -0.85605758
-0.94546413 0.26855484 -0.18432549 -0.28250062 -0.9577682 0.053605802 -0.16214499 0.10275442 0.9814024
-0.94546413 0.26855484 -0.18432549 -0.28250062 -0.9577682 0.053605802 -0.16214499 0.10275442 0.9814024
-0.86750633 0.38691485 0.31261766 0.49522364 0.61270952 0.61590636 0.046759326 0.68911833 -0.72313863
-0.86750633 0.38691485 0.31261766 0.49522364 0.61270952 0.61590636 0.046759326 0.68911833 -0.72313863
-0.25627458 -0.73151529 -0.63182974 0.93435383 -0.35491341 0.031928599 -0.24760108 -0.58217001 0.77444935
-0.25627458 -0.73151529 -0.63182974 0.93435383 -0.35491341 0.031928599 -0.24760108 -0.58217001 0.77444935
0.99244273 0.096628502 -0.075633056 -0.11522697 0.94579118 -0.30364743 0.042192105 0.31006765 0.94977778
0.99244273 0.096628502 -0.075633056 -0.11522697 0.94579118 -0.30364743 0.042192105 0.31006765 0.94977778
-0.94653016 0.30123022 -0.1155033 0.14357218 0.71392328 0.68534714 0.28890756 0.63211876 -0.71899819
-0.94653016 0.30123022 -0.1155033 0.14357218 0.71392328 0.68534714 0.28890756 0.63211876 -0.71899819
-0.68783402 0.58333468 -0.43197802 0.68161166 0.72369009 -0.10806608 0.24957943 -0.36877272 -0.89538646
-0.68783402 0.58333468 -0.43197802 0.68161166 0.72369009 -0.10806608 0.24957943 -0.36877272 -0.89538646
0.99928188 -0.024587257 -0.028829526 -0.019596338 -0.98657101 0.16215351 -0.032429256 -0.16147213 -0.9863444
0.99928188 -0.024587257 -0.028829526 -0.019596338 -0.98657101 0.16215351 -0.032429256 -0.16147213 -0.9863444
0.23442286 -0.68314373 -0.69163615 -0.96336937 -0.06792473 -0.2594333 0.13025101 0.72711825 -0.67404276
0.23442286 -0.68314373 -0.69163615 -0.96336937 -0.06792473 -0.2594333 0.13025101 0.72711825 -0.67404276
0.95642316 -0.11764192 0.26723635 0.018062778 0.93732744 0.34798163 -0.29142511 -0.32799062 0.89860648
0.95642316 -0.11764192 0.26723635 0.018062778 0.93732744 0.34798163 -0.29142511 -0.32799062 0.89860648
-0.99316192 0.062311307 -0.09872552 -0.09396439 -0.9285056 0.35923293 -0.069282904 0.36605313 0.92801142
-0.99316192 0.062311307 -0.09872552 -0.09396439 -0.9285056 0.35923293 -0.069282904 0.36605313 0.92801142
0.060740326 -0.98420513 0.16628575 0.99203783 0.077937961 0.098927557 -0.11032498 0.15895282 0.98110265
0.060740326 -0.98420513 0.16628575 0.99203783 0.077937961 0.098927557 -0.11032498 0.15895282 0.98110265
0.16624139 -0.94447428 0.28342941 0.97230256 0.20488933 0.11246459 -0.16429155 0.25688282 0.95237577
0.16624139 -0.94447428 0.28342941 0.97230256 0.20488933 0.11246459 -0.16429155 0.25688282 0.95237577
-0.2080719 0.91073918 -0.35673559 -0.95630634 -0.26600495 -0.12132416 -0.20538804 0.31590414 0.92629385
-0.2080719 0.91073918 -0.35673559 -0.95630634 -0.26600495 -0.12132416 -0.20538804 0.31590414 0.92629385
0.22316231 0.67910528 0.69929582 0.92797595 -0.36763367 0.060879409 0.29842818 0.63534361 -0.71223539
0.22316231 0.67910528 0.69929582 0.92797595 -0.36763367 0.060879409 0.29842818 0.63534361 -0.71223539
-0.65707654 -0.29614064 -0.69321793 -0.68226826 0.62469012 0.37983203 0.32056302 0.72253948 -0.61251628
-0.65707654 -0.29614064 -0.69321793 -0.68226826 0.62469012 0.37983203 0.32056302 0.72253948 -0.61251628
-0.0073350118 0.77178466 0.63584179 -0.98905742 0.088096596 -0.11834132 -0.14734949 -0.6297521 0.76269299
-0.0073350118 0.77178466 0.63584179 -0.98905742 0.088096596 -0.11834132 -0.14734949 -0.6297521 0.76269299
-0.84737563 0.45905709 0.26687294 -0.5205456 -0.61895031 -0.58816051 -0.10481809 -0.63731241 0.76344353
-0.84737563 0.45905709 0.26687294 -0.5205456 -0.61895031 -0.58816051 -0.10481809 -0.63731241 0.76344353
0.83534968 0.40903902 -0.36725736 0.5458191 -0.69660115 0.46564829 -0.065363549 -0.58943522 -0.8051669
0.83534968 0.40903902 -0.36725736 0.5458191 -0.69660115 0.46564829 -0.065363549 -0.58943522 -0.8051669
-0.64096916 0.63161337 -0.43614581 -0.67630905 -0.73345017 -0.068242535 -0.3629941 0.251228 0.89728469
-0.64096916 0.63161337 -0.43614581 -0.67630905 -0.73345017 -0.068242535 -0.3629941 0.251228 0.89728469
-0.16026533 -0.67340887 -0.72168946 -0.89049751 0.41405663 -0.18860403 0.42582789 0.612436 -0.66602761
-0.16026533 -0.67340887 -0.72168946 -0.89049751 0.41405663 -0.18860403 0.42582789 0.612436 -0.66602761
0.80498505 0.13537316 0.57764471 0.53018838 -0.60109699 -0.59798229 0.26626968 0.78762716 -0.55564725
0.80498505 0.13537316 0.57764471 0.53018838 -0.60109699 -0.59798229 0.26626968 0.78762716 -0.55564725
-0.31823662 0.87754714 -0.35865933 -0.83817059 -0.43721735 -0.32605386 -0.44293964 0.19685528 0.87467283
-0.31823662 0.87754714 -0.35865933 -0.83817059 -0.43721735 -0.32605386 -0.44293964 0.19685528 0.87467283
-0.87073374 -0.47831535 0.11418083 0.48814741 -0.81265074 0.31829408 -0.05945589 0.3328864 0.94109076
-0.87073374 -0.47831535 0.11418083 0.48814741 -0.81265074 0.31829408 -0.05945589 0.3328864 0.94109076
-0.78584802 -0.26124093 -0.56053209 0.35910374 -0.9306919 -0.069694743 -0.50347549 -0.2560586 0.82519484
-0.78584802 -0.26124093 -0.56053209 0.35910374 -0.9306919 -0.069694743 -0.50347549 -0.2560586 0.82519484
-0.72812343 0.45194551 -0.51534611 -0.43537182 -0.88563681 -0.16155189 -0.52942204 0.10673741 0.84161717
-0.72812343 0.45194551 -0.51534611 -0.43537182 -0.88563681 -0.16155189 -0.52942204 0.10673741 0.84161717
0.46116737 0.73125827 -0.50257933 -0.8677752 0.48989794 -0.083464801 0.18517828 0.47461718 0.86049271
0.46116737 0.73125827 -0.50257933 -0.8677752 0.48989794 -0.083464801 0.18517828 0.47461718 0.86049271
0.46248287 -0.86622083 0.18913262 -0.69281936 -0.486184 -0.53256595 0.55327296 0.11526786 -0.82498628
0.46248287 -0.86622083 0.18913262 -0.69281936 -0.486184 -0.53256595 0.55327296 0.11526786 -0.82498628
-0.73095012 -0.51264971 0.45044675 -0.64506334 0.7344532 -0.21088372 -0.22272247 -0.44471204 -0.86754018
-0.73095012 -0.51264971 0.45044675 -0.64506334 0.7344532 -0.21088372 -0.22272247 -0.44471204 -0.86754018
-0.86446786 0.39580667 -0.30989093 -0.43200386 -0.90017021 0.05537463 -0.25703698 0.1817437 0.94915819
-0.86446786 0.39580667 -0.30989093 -0.43200386 -0.90017021 0.05537463 -0.25703698 0.1817437 0.94915819
-0.69437993 -0.29738966 -0.65528309 0.67073417 -0.59733993 -0.43965977 -0.26067653 -0.74481171 0.61425018
-0.69437993 -0.29738966 -0.65528309 0.67073417 -0.59733993 -0.43965977 -0.26067653 -0.74481171 0.61425018
0.041303854 -0.93068963 -0.36347061 -0.90016955 0.12319912 -0.41775212 0.43357679 0.34443986 -0.83268982
0.041303854 -0.93068963 -0.36347061 -0.90016955 0.12319912 -0.41775212 0.43357679 0.34443986 -0.83268982
0.94963217 0.045386601 0.31006277 -0.21690083 0.80933183 0.5458352 -0.22616999 -0.58559549 0.77841187
0.94963217 0.045386601 0.31006277 -0.21690083 0.80933183 0.5458352 -0.22616999 -0.58559549 0.77841187
0.43326265 -0.61117989 -0.66237646 0.8737371 0.10457265 0.47502431 -0.22105889 -0.78455311 0.57931805
0.43326265 -0.61117989 -0.66237646 0.8737371 0.10457265 0.47502431 -0.22105889 -0.78455311 0.57931805
0.82548469 0.38733485 -0.41054454 -0.52186209 0.80086744 -0.29372036 0.21502356 0.45670924 0.86323911
0.82548469 0.38733485 -0.41054454 -0.52186209 0.80086744 -0.29372036 0.21502356 0.45670924 0.86323911
0.67957079 -0.71481007 -0.16501531 -0.64897019 -0.48087198 -0.58957595 0.34208375 0.50774848 -0.79067707
0.67957079 -0.71481007 -0.16501531 -0.64897019 -0.48087198 -0.58957595 0.34208375 0.50774848 -0.79067707
-0.088825896 -0.5936529 -0.79980385 -0.97508872 0.2156826 -0.051797032 0.20325324 0.77527893 -0.59802234
-0.088825896 -0.5936529 -0.79980385 -0.97508872 0.2156826 -0.051797032 0.20325324 0.77527893 -0.59802234
0.53245723 -0.57953268 -0.61695319 -0.82295406 -0.18386556 -0.5375315 0.19808075 0.79393649 -0.57482946
0.53245723 -0.57953268 -0.61695319 -0.82295406 -0.18386556 -0.5375315 0.19808075 0.79393649 -0.57482946
0.92709088 0.11409564 0.35705003 -0.29926291 0.79887754 0.52176291 -0.22570847 -0.59057349 0.77477658
0.92709088 0.11409564 0.35705003 -0.29926291 0.79887754 0.52176291 -0.22570847 -0.59057349 0.77477658
0.82519233 0.56480098 0.0075901588 -0.55527484 0.81359178 -0.17244832 -0.10357427 0.13808838 0.98498935
0.82519233 0.56480098 0.0075901588 -0.55527484 0.81359178 -0.17244832 -0.10357427 0.13808838 0.98498935
0.8012054 -0.47240388 -0.36729333 0.57509637 0.43830854 0.69076031 -0.1653302 -0.76466995 0.62285304
0.8012054 -0.47240388 -0.36729333 0.57509637 0.43830854 0.69076031 -0.1653302 -0.76466995 0.62285304
-0.99676794 -0.017962616 -0.07830181 0.011155504 -0.99618775 0.08652021 -0.079557434 0.085367061 0.99316823
-0.99676794 -0.017962616 -0.07830181 0.011155504 -0.99618775 0.08652021 -0.079557434 0.085367061 0.99316823
-0.86791849 0.4738124 0.14906161 -0.42601821 -0.55578649 -0.71386969 -0.25539383 -0.68308365 0.68423003
-0.86791849 0.4738124 0.14906161 -0.42601821 -0.55578649 -0.71386969 -0.25539383 -0.68308365 0.68423003
0.59698462 0.54757476 0.58632016 -0.76598477 0.60630924 0.21367422 -0.23848879 -0.57667255 0.78139108
0.59698462 0.54757476 0.58632016 -0.76598477 0.60630924 0.21367422 -0.23848879 -0.57667255 0.78139108
0.86215216 -0.39347795 0.3191691 0.41724584 0.90876883 -0.0067328215 -0.28740165 0.13897666 0.94767392
0.86215216 -0.39347795 0.3191691 0.41724584 0.90876883 -0.0067328215 -0.28740165 0.13897666 0.94767392
0.038633469 0.97235918 -0.2302721 0.97017872 0.018684871 0.24166964 0.23929226 -0.23274162 -0.94264019
0.038633469 0.97235918 -0.2302721 0.97017872 0.018684871 0.24166964 0.23929226 -0.23274162 -0.94264019
0.27969205 -0.87669718 -0.39137527 0.91420841 0.11868214 0.38747606 -0.29324988 -0.4661724 0.83467829
0.27969205 -0.87669718 -0.39137527 0.91420841 0.11868214 0.38747606 -0.29324988 -0.4661724 0.83467829
-0.3553929 -0.74446756 -0.56521136 0.82772869 -0.53157461 0.17970476 -0.43423641 -0.40397587 0.80513507
-0.3553929 -0.74446756 -0.56521136 0.82772869 -0.53157461 0.17970476 -0.43423641 -0.40397587 0.80513507
-0.93863654 0.14338277 -0.31369221 0.17442393 0.98195481 -0.07308206 0.29755276 -0.12331291 -0.94670814
-0.93863654 0.14338277 -0.31369221 0.17442393 0.98195481 -0.07308206 0.29755276 -0.12331291 -0.94670814
0.024643809 -0.91531533 -0.40198353 0.90009463 -0.15465236 0.40732372 -0.43499726 -0.37186113 0.820059
0.024643809 -0.91531533 -0.40198353 0.90009463 -0.15465236 0.40732372 -0.43499726 -0.37186113 0.820059
-0.923006 0.20459324 -0.32588562 -0.030768692 -0.88345957 -0.4674958 -0.38355321 -0.42147443 0.82173365
-0.923006 0.20459324 -0.32588562 -0.030768692 -0.88345957 -0.4674958 -0.38355321 -0.42147443 0.82173365
-0.70033926 0.30095863 -0.64726257 -0.062534913 0.87741637 0.47563645 0.71106571 0.37358335 -0.59566861
-0.70033926 0.30095863 -0.64726257 -0.062534913 0.87741637 0.47563645 0.71106571 0.37358335 -0.59566861
-0.91335434 0.065997332 -0.40178129 -0.077415563 -0.99692392 0.012229355 -0.39973837 0.042273868 0.91565394
-0.91335434 0.065997332 -0.40178129 -0.077415563 -0.99692392 0.012229355 -0.39973837 0.042273868 0.91565394
-0.79728252 0.45630878 -0.39512405 -0.18653232 -0.80882317 -0.55768353 -0.57406127 -0.37092787 0.72997683
-0.79728252 0.45630878 -0.39512405 -0.18653232 -0.80882317 -0.55768353 -0.57406127 -0.37092787 0.72997683
-0.55890507 0.71872246 -0.41359794 0.41403967 0.67402363 0.61177063 0.71846795 0.17067584 -0.67429483
-0.55890507 0.71872246 -0.41359794 0.41403967 0.67402363 0.61177063 0.71846795 0.17067584 -0.67429483
-0.54215795 -0.83995587 -0.023219686 -0.79896349 0.52386332 -0.29533881 0.26023543 -0.14156856 -0.95511049
-0.54215795 -0.83995587 -0.023219686 -0.79896349 0.52386332 -0.29533881 0.26023543 -0.14156856 -0.95511049
-0.7524966 0.63776141 -0.16434497 -0.45265263 -0.68208724 -0.57433677 -0.4783873 -0.35779542 0.80195272
-0.7524966 0.63776141 -0.16434497 -0.45265263 -0.68208724 -0.57433677 -0.4783873 -0.35779542 0.80195272
0.3028546 -0.95301604 -0.0062908591 -0.66201502 -0.20562115 -0.72073305 0.68557662 0.22244182 -0.6931842
0.3028546 -0.95301604 -0.0062908591 -0.66201502 -0.20562115 -0.72073305 0.68557662 0.22244182 -0.6931842
0.51633966 0.85541409 -0.040744405 -0.82094324 0.48086554 -0.30792969 -0.24381474 0.19244526 0.95053637
0.51633966 0.85541409 -0.040744405 -0.82094324 0.48086554 -0.30792969 -0.24381474 0.19244526 0.95053637
-0.77944928 0.22660241 -0.58404636 0.2010891 -0.7924546 -0.57582903 -0.59331447 -0.56627488 0.57211089
-0.77944928 0.22660241 -0.58404636 0.2010891 -0.7924546 -0.57582903 -0.59331447 -0.56627488 0.57211089
-0.37246874 -0.38047463 -0.84646696 -0.74583322 0.66549909 0.02905494 0.55226815 0.64214504 -0.53164822
-0.37246874 -0.38047463 -0.84646696 -0.74583322 0.66549909 0.02905494 0.55226815 0.64214504 -0.53164822
-0.80102849 -0.0090295691 -0.59855825 0.29232821 -0.87845922 -0.37796009 -0.52239633 -0.47773221 0.70631021
-0.80102849 -0.0090295691 -0.59855825 0.29232821 -0.87845922 -0.37796009 -0.52239633 -0.47773221 0.70631021
0.10213526 -0.71282202 -0.69386834 -0.84626448 0.3043744 -0.43725616 0.52288151 0.63185537 -0.57214844
0.10213526 -0.71282202 -0.69386834 -0.84626448 0.3043744 -0.43725616 0.52288151 0.63185537 -0.57214844
-0.55418473 -0.8322283 0.016594231 0.80284446 -0.52914083 0.27468309 -0.21981834 0.16554776 0.96139169
-0.55418473 -0.8322283 0.016594231 0.80284446 -0.52914083 0.27468309 -0.21981834 0.16554776 0.96139169
-0.074643716 -0.70383114 -0.70643479 0.86360979 -0.39983037 0.30710551 -0.49860448 -0.58716047 0.63768029
-0.074643716 -0.70383114 -0.70643479 0.86360979 -0.39983037 0.30710551 -0.49860448 -0.58716047 0.63768029
0.0038126626 -0.99949068 -0.031684902 0.94626462 -0.0066401297 0.32332546 -0.32337114 -0.031215224 0.94575721
0.0038126626 -0.99949068 -0.031684902 0.94626462 -0.0066401297 0.32332546 -0.32337114 -0.031215224 0.94575721
