# .PCD v0.7 - Point Cloud Data file format
VERSION 0.7
FIELDS x_axis y_axis z_axis
SIZE 4 4 4
TYPE F F F
COUNT 3 3 3
WIDTH 310
HEIGHT 1
VIEWPOINT 0 0 0 1 0 0 0
POINTS 310
DATA ascii
0.11000767 -0.96956968 0.21870755 0.89714688 0.0021493807 -0.44172716 0.42781517 0.24480617 0.87008286
0.11000767 -0.96956968 0.21870755 0.89714688 0.0021493807 -0.44172716 0.42781517 0.24480617 0.87008286
-0.013366421 0.99986619 -0.0094333123 -0.86157328 -0.0067288079 0.5075888 0.50745738 0.014912173 0.86154789
-0.013366421 0.99986619 -0.0094333123 -0.86157328 -0.0067288079 0.5075888 0.50745738 0.014912173 0.86154789
-0.028189374 -0.91965401 -0.39171651 0.95142698 0.095503554 -0.29268706 0.30658117 -0.38094041 0.87229145
-0.028189374 -0.91965401 -0.39171651 0.95142698 0.095503554 -0.29268706 0.30658117 -0.38094041 0.87229145
-0.023025734 -0.98348206 0.17953549 0.93858135 -0.083110787 -0.33490008 0.34428948 0.16079716 0.92499149
-0.023025734 -0.98348206 0.17953549 0.93858135 -0.083110787 -0.33490008 0.34428948 0.16079716 0.92499149
-0.10752645 0.98867357 0.10470319 -0.92506862 -0.13807848 0.35381165 0.36426145 -0.058813553 0.92943782
-0.10752645 0.98867357 0.10470319 -0.92506862 -0.13807848 0.35381165 0.36426145 -0.058813553 0.92943782
-0.36087459 0.89323306 -0.26814961 -0.92117316 -0.29649663 0.25205109 0.14563479 0.33797136 0.92982036
-0.36087459 0.89323306 -0.26814961 -0.92117316 -0.29649663 0.25205109 0.14563479 0.33797136 0.92982036
-0.048187476 -0.95300585 0.29909497 0.95735759 -0.12946518 -0.25827393 0.28485894 0.27389523 0.91860598
-0.048187476 -0.95300585 0.29909497 0.95735759 -0.12946518 -0.25827393 0.28485894 0.27389523 0.91860598
0.50160748 0.74862558 0.43353158 -0.86066359 0.38119054 0.33756781 0.08745382 -0.54245132 0.83552289
0.50160748 0.74862558 0.43353158 -0.86066359 0.38119054 0.33756781 0.08745382 -0.54245132 0.83552289
0.7353155 -0.59930354 -0.3164593 0.61119789 0.78815663 -0.072432049 0.29282841 -0.14015897 0.94583666
0.7353155 -0.59930354 -0.3164593 0.61119789 0.78815663 -0.072432049 0.29282841 -0.14015897 0.94583666
-0.050410777 0.93137091 -0.36056504 -0.99131525 -0.0027553551 0.13147895 0.12146217 0.36406156 0.92342091
-0.050410777 0.93137091 -0.36056504 -0.99131525 -0.0027553551 0.13147895 0.12146217 0.36406156 0.92342091
0.036140315 0.98561162 -0.165117 -0.96862543 0.075200543 0.23687512 0.24588375 0.15137571 0.95740622
0.036140315 0.98561162 -0.165117 -0.96862543 0.075200543 0.23687512 0.24588375 0.15137571 0.95740622
0.23267519 0.7906481 0.56633729 -0.96853006 0.13545237 0.20881152 0.088384718 -0.59709984 0.79728281
0.23267519 0.7906481 0.56633729 -0.96853006 0.13545237 0.20881152 0.088384718 -0.59709984 0.79728281
-0.37136823 0.83665317 -0.40261289 0.90350121 0.22571732 -0.36433139 -0.21394224 -0.49906245 -0.83974129
-0.37136823 0.83665317 -0.40261289 0.90350121 0.22571732 -0.36433139 -0.21394224 -0.49906245 -0.83974129
0.96338332 0.26290035 0.052689083 0.23990402 -0.75740844 -0.60727167 -0.11974474 0.59767568 -0.79274535
0.96338332 0.26290035 0.052689083 0.23990402 -0.75740844 -0.60727167 -0.11974474 0.59767568 -0.79274535
-0.51268345 0.77311039 -0.37343842 0.8226732 0.31787643 -0.47134244 -0.2456924 -0.54886711 -0.79898697
-0.51268345 0.77311039 -0.37343842 0.8226732 0.31787643 -0.47134244 -0.2456924 -0.54886711 -0.79898697
0.12705478 -0.77789652 -0.61541378 0.9865818 0.16324607 -0.0026626065 0.1025351 -0.60681772 0.78819978
0.12705478 -0.77789652 -0.61541378 0.9865818 0.16324607 -0.0026626065 0.1025351 -0.60681772 0.78819978
0.89621305 -0.40118191 -0.18935545 0.44306481 0.83087766 0.33665454 0.022271378 -0.38561079 0.92239279
0.89621305 -0.40118191 -0.18935545 0.44306481 0.83087766 0.33665454 0.022271378 -0.38561079 0.92239279
0.80168056 -0.57999992 0.1445975 0.58547854 0.71312869 -0.38556778 0.12051267 0.39376089 0.91127884
0.80168056 -0.57999992 0.1445975 0.58547854 0.71312869 -0.38556778 0.12051267 0.39376089 0.91127884
-0.60982144 -0.7224645 0.32582653 0.77892846 -0.62221956 0.078187943 0.14624764 0.30147624 0.94219095
-0.60982144 -0.7224645 0.32582653 0.77892846 -0.62221956 0.078187943 0.14624764 0.30147624 0.94219095
-0.023562564 0.98050421 -0.19508067 0.98007476 -0.015841126 -0.1979969 -0.19722706 -0.19585876 -0.96059406
-0.023562564 0.98050421 -0.19508067 0.98007476 -0.015841126 -0.1979969 -0.19722706 -0.19585876 -0.96059406
0.7611118 -0.61878794 0.19444872 -0.59939963 -0.55645001 0.57539868 -0.24784847 -0.55449545 -0.79442185
0.7611118 -0.61878794 0.19444872 -0.59939963 -0.55645001 0.57539868 -0.24784847 -0.55449545 -0.79442185
0.9156881 -0.34316871 -0.20916644 0.40182859 0.77269173 0.49140775 -0.0070146085 -0.53402525 0.84543955
0.9156881 -0.34316871 -0.20916644 0.40182859 0.77269173 0.49140775 -0.0070146085 -0.53402525 0.84543955
-0.071400337 -0.92571181 0.37142923 -0.99051857 0.10962201 0.082801849 -0.11736745 -0.3619954 -0.92476177
-0.071400337 -0.92571181 0.37142923 -0.99051857 0.10962201 0.082801849 -0.11736745 -0.3619954 -0.92476177
-0.98485768 0.15483917 0.077976294 0.16887614 0.75514817 0.63342911 0.039195973 0.63700581 -0.769862
-0.98485768 0.15483917 0.077976294 0.16887614 0.75514817 0.63342911 0.039195973 0.63700581 -0.769862
0.97999984 0.005168444 -0.19893138 -0.025541969 0.99466109 -0.099985607 0.19735259 0.10306697 0.97489965
0.97999984 0.005168444 -0.19893138 -0.025541969 0.99466109 -0.099985607 0.19735259 0.10306697 0.97489965
0.54377991 -0.73014271 -0.41375729 0.83695185 0.50810099 0.20333509 0.061766796 -0.45686436 0.88738942
0.54377991 -0.73014271 -0.41375729 0.83695185 0.50810099 0.20333509 0.061766796 -0.45686436 0.88738942
0.11171434 0.91357291 -0.39103007 0.96693605 -0.19070773 -0.16930869 -0.22924829 -0.35918686 -0.90467131
0.11171434 0.91357291 -0.39103007 0.96693605 -0.19070773 -0.16930869 -0.22924829 -0.35918686 -0.90467131
0.19775733 0.9118014 -0.35987541 0.96133429 -0.25217432 -0.11065494 -0.19164668 -0.32407784 -0.92641521
0.19775733 0.9118014 -0.35987541 0.96133429 -0.25217432 -0.11065494 -0.19164668 -0.32407784 -0.92641521
-0.84042042 0.52337635 -0.14060855 -0.50346893 -0.65802443 0.55993146 0.20053111 0.54136974 0.81652087
-0.84042042 0.52337635 -0.14060855 -0.50346893 -0.65802443 0.55993146 0.20053111 0.54136974 0.81652087
0.91671628 -0.39540294 -0.057339858 0.29134434 0.75975817 -0.5812797 0.27340424 0.51616281 0.81168103
0.91671628 -0.39540294 -0.057339858 0.29134434 0.75975817 -0.5812797 0.27340424 0.51616281 0.81168103
-0.45137423 0.66486275 0.59516287 -0.89218301 -0.32395256 -0.31474483 -0.016457571 -0.67306197 0.73940301
-0.45137423 0.66486275 0.59516287 -0.89218301 -0.32395256 -0.31474483 -0.016457571 -0.67306197 0.73940301
-0.91935426 0.33361229 0.20854414 -0.21118385 -0.86568493 0.45386255 0.33194771 0.37321928 0.8663246
-0.91935426 0.33361229 0.20854414 -0.21118385 -0.86568493 0.45386255 0.33194771 0.37321928 0.8663246
0.11445017 -0.84169012 -0.5276922 0.99342847 0.096396044 0.06170731 -0.0010710015 -0.53128672 0.84719139
0.11445017 -0.84169012 -0.5276922 0.99342847 0.096396044 0.06170731 -0.0010710015 -0.53128672 0.84719139
0.056846902 0.93229127 -0.35721353 0.94926316 -0.16131729 -0.26995626 -0.30930254 -0.32374325 -0.89416015
0.056846902 0.93229127 -0.35721353 0.94926316 -0.16131729 -0.26995626 -0.30930254 -0.32374325 -0.89416015
0.91207373 -0.37733972 -0.16042559 0.40117255 0.90210855 0.15893711 0.084748 -0.20932068 0.9741677
0.91207373 -0.37733972 -0.16042559 0.40117255 0.90210855 0.15893711 0.084748 -0.20932068 0.9741677
-0.95151055 0.29891235 0.07265725 -0.28503165 -0.76787627 -0.5736925 -0.11569205 -0.56658405 0.81584185
-0.95151055 0.29891235 0.07265725 -0.28503165 -0.76787627 -0.5736925 -0.11569205 -0.56658405 0.81584185
-0.29152265 0.82104826 -0.49081004 0.90602481 0.072429642 -0.41698113 -0.30681241 -0.56624532 -0.76500487
-0.29152265 0.82104826 -0.49081004 0.90602481 0.072429642 -0.41698113 -0.30681241 -0.56624532 -0.76500487
-0.92374504 -0.15395217 0.35070485 -0.24430011 0.94204283 -0.22994114 -0.29497892 -0.2980842 -0.9078179
-0.92374504 -0.15395217 0.35070485 -0.24430011 0.94204283 -0.22994114 -0.29497892 -0.2980842 -0.9078179
0.95683241 -0.25330803 -0.14250155 0.22763126 0.95799035 -0.17446607 0.18070887 0.13449697 0.97429711
0.95683241 -0.25330803 -0.14250155 0.22763126 0.95799035 -0.17446607 0.18070887 0.13449697 0.97429711
-0.21292615 -0.77512157 -0.59485221 -0.9747597 0.21034554 0.074822731 0.067127727 0.59576941 -0.80034536
-0.21292615 -0.77512157 -0.59485221 -0.9747597 0.21034554 0.074822731 0.067127727 0.59576941 -0.80034536
0.9276067 -0.10740749 -0.35778412 -0.029595144 0.93363249 -0.35700792 0.37238437 0.34175158 0.86286485
0.9276067 -0.10740749 -0.35778412 -0.029595144 0.93363249 -0.35700792 0.37238437 0.34175158 0.86286485
-0.91347861 0.40673193 0.011222952 0.28373641 0.656528 -0.69890255 -0.29163417 -0.63524818 -0.71512896
-0.91347861 0.40673193 0.011222952 0.28373641 0.656528 -0.69890255 -0.29163417 -0.63524818 -0.71512896
-0.89848727 0.43818769 -0.026689257 0.33583754 0.64692318 -0.68461943 -0.28272602 -0.62408495 -0.72841203
-0.89848727 0.43818769 -0.026689257 0.33583754 0.64692318 -0.68461943 -0.28272602 -0.62408495 -0.72841203
0.9890753 -0.14713657 -0.0090001775 0.11456709 0.72884774 0.67502248 -0.092760749 -0.66867912 0.73774225
0.9890753 -0.14713657 -0.0090001775 0.11456709 0.72884774 0.67502248 -0.092760749 -0.66867912 0.73774225
0.34624681 0.63016385 -0.69498688 0.86795348 -0.49633306 -0.017619088 -0.35604787 -0.5971157 -0.71880656
0.34624681 0.63016385 -0.69498688 0.86795348 -0.49633306 -0.017619088 -0.35604787 -0.5971157 -0.71880656
0.97003031 -0.23607656 -0.05752613 0.24266374 0.95336801 0.17945488 0.012478497 -0.18803614 0.9820829
0.97003031 -0.23607656 -0.05752613 0.24266374 0.95336801 0.17945488 0.012478497 -0.18803614 0.9820829
0.3953625 -0.91306025 0.10004867 0.88580483 0.35019648 -0.30448708 0.24297829 0.20900631 0.94724751
0.3953625 -0.91306025 0.10004867 0.88580483 0.35019648 -0.30448708 0.24297829 0.20900631 0.94724751
0.30663013 -0.93439007 0.18136482 0.93111479 0.25492615 -0.2608411 0.1974927 0.24885319 0.94819242
0.30663013 -0.93439007 0.18136482 0.93111479 0.25492615 -0.2608411 0.1974927 0.24885319 0.94819242
-0.88758272 0.44720319 0.11048143 0.26699162 0.69487268 -0.66773313 -0.37538296 -0.56317079 -0.73615652
-0.88758272 0.44720319 0.11048143 0.26699162 0.69487268 -0.66773313 -0.37538296 -0.56317079 -0.73615652
-0.36656556 0.91785479 -0.15222493 -0.92786032 -0.34857929 0.13254395 0.068593688 0.18982938 0.9794181
-0.36656556 0.91785479 -0.15222493 -0.92786032 -0.34857929 0.13254395 0.068593688 0.18982938 0.9794181
0.99440014 -0.1029837 -0.02372122 -0.088427126 -0.68790907 -0.72039002 0.057870504 0.71845359 -0.69316345
0.99440014 -0.1029837 -0.02372122 -0.088427126 -0.68790907 -0.72039002 0.057870504 0.71845359 -0.69316345
-0.98220468 0.1878134 0.00042052817 -0.18776962 -0.98192215 -0.023909174 -0.004077604 -0.023562651 0.99971414
-0.98220468 0.1878134 0.00042052817 -0.18776962 -0.98192215 -0.023909174 -0.004077604 -0.023562651 0.99971414
-0.99224728 0.11538768 -0.046165384 -0.085015506 -0.90114641 -0.42509729 -0.090652749 -0.41787678 0.90396959
-0.99224728 0.11538768 -0.046165384 -0.085015506 -0.90114641 -0.42509729 -0.090652749 -0.41787678 0.90396959
0.99988461 0.015155075 0.0011470909 0.010781161 -0.65405774 -0.7563681 -0.010712578 0.756293 -0.65414548
0.99988461 0.015155075 0.0011470909 0.010781161 -0.65405774 -0.7563681 -0.010712578 0.756293 -0.65414548
0.90733415 -0.30433881 -0.29003912 -0.040263087 -0.7496292 0.66063225 -0.41847777 -0.58773631 -0.6924178
0.90733415 -0.30433881 -0.29003912 -0.040263087 -0.7496292 0.66063225 -0.41847777 -0.58773631 -0.6924178
0.39036438 0.59407157 -0.7033453 0.82844907 -0.55991077 -0.013123095 -0.40160656 -0.57756281 -0.71072745
0.39036438 0.59407157 -0.7033453 0.82844907 -0.55991077 -0.013123095 -0.40160656 -0.57756281 -0.71072745
-0.025274463 0.97928399 -0.20090838 0.99968004 0.024549924 -0.0060974536 -0.0010388534 -0.20099819 -0.97959107
-0.025274463 0.97928399 -0.20090838 0.99968004 0.024549924 -0.0060974536 -0.0010388534 -0.20099819 -0.97959107
-0.77765071 0.61955702 0.10681118 0.37374198 0.59218419 -0.71388721 -0.50554585 -0.51523483 -0.69206679
-0.77765071 0.61955702 0.10681118 0.37374198 0.59218419 -0.71388721 -0.50554585 -0.51523483 -0.69206679
-0.28521192 0.9402439 -0.18599918 -0.95816743 -0.27487138 0.079756387 0.023864646 0.20096566 0.97930759
-0.28521192 0.9402439 -0.18599918 -0.95816743 -0.27487138 0.079756387 0.023864646 0.20096566 0.97930759
-0.74754614 0.66398078 0.017446907 -0.63252884 -0.7196601 0.28635103 0.20268731 0.20302497 0.95796603
-0.74754614 0.66398078 0.017446907 -0.63252884 -0.7196601 0.28635103 0.20268731 0.20302497 0.95796603
-0.88432717 -0.43988824 0.15640938 -0.45343822 0.88903153 -0.063379928 -0.11117278 -0.12697057 -0.98565674
-0.88432717 -0.43988824 0.15640938 -0.45343822 0.88903153 -0.063379928 -0.11117278 -0.12697057 -0.98565674
-0.97632492 -0.21616712 0.0078384122 -0.15295315 0.71553361 0.68162823 -0.15295433 0.66429168 -0.73165673
-0.97632492 -0.21616712 0.0078384122 -0.15295315 0.71553361 0.68162823 -0.15295433 0.66429168 -0.73165673
0.79167157 -0.60113621 -0.10904766 0.36472234 0.6082164 -0.70501804 0.4901365 0.51837057 0.70075542
0.79167157 -0.60113621 -0.10904766 0.36472234 0.6082164 -0.70501804 0.4901365 0.51837057 0.70075542
-0.86921418 0.4897258 0.068083346 -0.47288436 -0.86361879 0.17476559 0.14438549 0.11971306 0.98225337
-0.86921418 0.4897258 0.068083346 -0.47288436 -0.86361879 0.17476559 0.14438549 0.11971306 0.98225337
0.79069889 -0.45988029 -0.4041107 -0.61188459 -0.61501509 -0.49734682 -0.019814271 0.64052069 -0.76768529
0.79069889 -0.45988029 -0.4041107 -0.61188459 -0.61501509 -0.49734682 -0.019814271 0.64052069 -0.76768529
0.88816118 -0.41052079 -0.2065005 -0.45260018 -0.7037077 -0.54767561 0.079516299 0.57988632 -0.81080759
0.88816118 -0.41052079 -0.2065005 -0.45260018 -0.7037077 -0.54767561 0.079516299 0.57988632 -0.81080759
-0.034173656 0.82529694 -0.5636642 -0.89952362 0.2203825 0.3772122 0.4355337 0.51991999 0.73484266
-0.034173656 0.82529694 -0.5636642 -0.89952362 0.2203825 0.3772122 0.4355337 0.51991999 0.73484266
-0.97912002 0.15854163 -0.12723412 -0.14172959 -0.98108822 -0.13182825 -0.14572817 -0.11104283 0.98307317
-0.97912002 0.15854163 -0.12723412 -0.14172959 -0.98108822 -0.13182825 -0.14572817 -0.11104283 0.98307317
-0.75754082 -0.53813744 -0.36951318 -0.62981337 0.75136584 0.19693819 0.17165978 0.3819131 -0.90811646
-0.75754082 -0.53813744 -0.36951318 -0.62981337 0.75136584 0.19693819 0.17165978 0.3819131 -0.90811646
0.74155712 -0.66199148 -0.10890507 -0.4091996 -0.5749411 0.70851845 -0.53164726 -0.48084289 -0.69723833
0.74155712 -0.66199148 -0.10890507 -0.4091996 -0.5749411 0.70851845 -0.53164726 -0.48084289 -0.69723833
-0.86721289 0.49532306 0.050959095 -0.44505239 -0.81693572 0.36680311 0.2233164 0.29541689 0.92890191
-0.86721289 0.49532306 0.050959095 -0.44505239 -0.81693572 0.36680311 0.2233164 0.29541689 0.92890191
-0.96152961 0.2417213 0.13050517 -0.21492013 -0.95784456 0.19063887 0.17108516 0.15525673 0.9729467
-0.96152961 0.2417213 0.13050517 -0.21492013 -0.95784456 0.19063887 0.17108516 0.15525673 0.9729467
0.97189581 0.23012681 0.049601749 -0.21552321 0.7850492 0.58073038 0.094701841 -0.57509965 0.81258357
0.97189581 0.23012681 0.049601749 -0.21552321 0.7850492 0.58073038 0.094701841 -0.57509965 0.81258357
-0.68015867 0.72286361 0.12187065 0.438586 0.53448087 -0.72247672 -0.58738965 -0.43794793 -0.68056959
-0.68015867 0.72286361 0.12187065 0.438586 0.53448087 -0.72247672 -0.58738965 -0.43794793 -0.68056959
-0.98649549 0.017379733 0.16286367 -0.0035383794 -0.99638367 0.084894843 0.16375019 0.083172105 0.98298949
-0.98649549 0.017379733 0.16286367 -0.0035383794 -0.99638367 0.084894843 0.16375019 0.083172105 0.98298949
0.45340738 0.60441035 -0.65506476 0.75981963 -0.64630914 -0.070417687 -0.46593559 -0.46580321 -0.75228417
0.45340738 0.60441035 -0.65506476 0.75981963 -0.64630914 -0.070417687 -0.46593559 -0.46580321 -0.75228417
0.87391031 -0.4817878 -0.064509168 0.4197132 0.81484884 -0.39982787 0.24519742 0.32233828 0.91431737
0.87391031 -0.4817878 -0.064509168 0.4197132 0.81484884 -0.39982787 0.24519742 0.32233828 0.91431737
0.43563181 0.89668286 -0.078643642 0.89633304 -0.44014898 -0.053441271 -0.082534887 -0.047210388 -0.99546933
0.43563181 0.89668286 -0.078643642 0.89633304 -0.44014898 -0.053441271 -0.082534887 -0.047210388 -0.99546933
0.90386283 0.32612884 0.27689713 -0.41955686 0.80231208 0.42457914 -0.083690457 -0.49993539 0.86200958
0.90386283 0.32612884 0.27689713 -0.41955686 0.80231208 0.42457914 -0.083690457 -0.49993539 0.86200958
-0.95805943 -0.13457061 -0.25300765 0.2171558 -0.91701502 -0.33455467 -0.18699069 -0.37546533 0.90777767
-0.95805943 -0.13457061 -0.25300765 0.2171558 -0.91701502 -0.33455467 -0.18699069 -0.37546533 0.90777767
0.94846606 0.31604794 0.022933038 0.27443123 -0.78307647 -0.55810297 -0.15842894 0.53563523 -0.82945478
0.94846606 0.31604794 0.022933038 0.27443123 -0.78307647 -0.55810297 -0.15842894 0.53563523 -0.82945478
0.34503722 0.92618328 0.15209827 0.93508047 -0.35320258 0.029538684 0.081079721 0.13203214 -0.98792386
0.34503722 0.92618328 0.15209827 0.93508047 -0.35320258 0.029538684 0.081079721 0.13203214 -0.98792386
0.9524188 0.30423552 -0.018422438 -0.24741404 0.8070069 0.53621495 0.17800258 -0.50614315 0.84388047
0.9524188 0.30423552 -0.018422438 -0.24741404 0.8070069 0.53621495 0.17800258 -0.50614315 0.84388047
0.75239038 0.14348151 -0.64290124 -0.34003568 0.9204976 -0.19251043 0.56416738 0.36345229 0.74136204
0.75239038 0.14348151 -0.64290124 -0.34003568 0.9204976 -0.19251043 0.56416738 0.36345229 0.74136204
0.97452611 -0.018178724 -0.22353628 0.0037277788 0.99788487 -0.06489978 0.22424331 0.062413234 0.97253257
0.97452611 -0.018178724 -0.22353628 0.0037277788 0.99788487 -0.06489978 0.22424331 0.062413234 0.97253257
0.80309701 -0.55688083 -0.21194075 -0.59172034 -0.70357955 -0.39350095 0.070016041 0.44142908 -0.8945604
0.80309701 -0.55688083 -0.21194075 -0.59172034 -0.70357955 -0.39350095 0.070016041 0.44142908 -0.8945604
0.625337 -0.78032392 0.0069402568 -0.7536602 -0.60161507 0.26468027 -0.20236108 -0.17074485 -0.9643113
0.625337 -0.78032392 0.0069402568 -0.7536602 -0.60161507 0.26468027 -0.20236108 -0.17074485 -0.9643113
0.86289525 0.14581676 -0.4838897 -0.28742895 0.92913759 -0.23256797 0.41568783 0.33976573 0.84366035
0.86289525 0.14581676 -0.4838897 -0.28742895 0.92913759 -0.23256797 0.41568783 0.33976573 0.84366035
-0.62790459 0.77607894 -0.058628757 -0.75619537 -0.59052354 0.28186971 0.18413147 0.22132212 0.95765972
-0.62790459 0.77607894 -0.058628757 -0.75619537 -0.59052354 0.28186971 0.18413147 0.22132212 0.95765972
0.8841942 0.38231334 -0.26839751 -0.39971316 0.91657186 -0.011201292 0.24172328 0.11718617 0.96324307
0.8841942 0.38231334 -0.26839751 -0.39971316 0.91657186 -0.011201292 0.24172328 0.11718617 0.96324307
0.9884274 -0.077377953 -0.13047633 0.11795685 0.9328692 0.34035504 0.095381349 -0.35180679 0.93120056
0.9884274 -0.077377953 -0.13047633 0.11795685 0.9328692 0.34035504 0.095381349 -0.35180679 0.93120056
0.69273794 -0.68176287 -0.23518834 0.71302724 0.69638002 0.081530169 0.10819623 -0.22417474 0.96852434
0.69273794 -0.68176287 -0.23518834 0.71302724 0.69638002 0.081530169 0.10819623 -0.22417474 0.96852434
-0.030312575 0.94470668 -0.32651275 0.95524579 -0.068786718 -0.28770462 -0.29425618 -0.32062104 -0.90034181
-0.030312575 0.94470668 -0.32651275 0.95524579 -0.068786718 -0.28770462 -0.29425618 -0.32062104 -0.90034181
-0.98014343 0.19788751 0.012626005 -0.18634108 -0.89744186 -0.3998439 -0.067793049 -0.3942571 0.91649634
-0.98014343 0.19788751 0.012626005 -0.18634108 -0.89744186 -0.3998439 -0.067793049 -0.3942571 0.91649634
0.084659368 0.9043895 0.41822541 0.99366939 -0.1077399 0.031837892 0.073853418 0.41288242 -0.90778524
0.084659368 0.9043895 0.41822541 0.99366939 -0.1077399 0.031837892 0.073853418 0.41288242 -0.90778524
0.52124447 -0.78915983 -0.32485533 -0.8531419 -0.49135017 -0.17528312 -0.021291181 0.36851281 -0.92937893
0.52124447 -0.78915983 -0.32485533 -0.8531419 -0.49135017 -0.17528312 -0.021291181 0.36851281 -0.92937893
-0.035494212 0.94280922 -0.33143795 -0.95529759 0.065393858 0.28832385 0.29350835 0.32685566 0.89834207
-0.035494212 0.94280922 -0.33143795 -0.95529759 0.065393858 0.28832385 0.29350835 0.32685566 0.89834207
0.73688209 0.62822819 -0.24966837 0.65904415 -0.74983728 0.058353052 -0.1505515 -0.20754169 -0.96657169
0.73688209 0.62822819 -0.24966837 0.65904415 -0.74983728 0.058353052 -0.1505515 -0.20754169 -0.96657169
0.90171599 0.20443666 -0.38093838 -0.25492319 0.9630779 -0.086575404 0.34917408 0.17517643 0.92053831
0.90171599 0.20443666 -0.38093838 -0.25492319 0.9630779 -0.086575404 0.34917408 0.17517643 0.92053831
-0.091166593 0.96060348 -0.26254433 0.96970862 0.025639161 -0.24291503 -0.22661361 -0.27673748 -0.93384296
-0.091166593 0.96060348 -0.26254433 0.96970862 0.025639161 -0.24291503 -0.22661361 -0.27673748 -0.93384296
0.27745226 0.92445862 -0.2615273 -0.95157987 0.30192876 0.057747923 0.13234816 0.23284179 0.963467
0.27745226 0.92445862 -0.2615273 -0.95157987 0.30192876 0.057747923 0.13234816 0.23284179 0.963467
0.66507655 -0.70991874 -0.23170815 0.73436266 0.67807978 0.030321896 0.13559036 -0.19032399 0.97231275
0.66507655 -0.70991874 -0.23170815 0.73436266 0.67807978 0.030321896 0.13559036 -0.19032399 0.97231275
-0.93726993 -0.34287089 -0.062966496 0.34126189 -0.86555934 -0.36653468 0.071172841 -0.36502993 0.92827135
-0.93726993 -0.34287089 -0.062966496 0.34126189 -0.86555934 -0.36653468 0.071172841 -0.36502993 0.92827135
0.94529521 -0.25360915 -0.20518136 -0.32229012 -0.82334173 -0.46715894 -0.05045858 0.50773102 -0.86003673
0.94529521 -0.25360915 -0.20518136 -0.32229012 -0.82334173 -0.46715894 -0.05045858 0.50773102 -0.86003673
-0.43841365 0.82973003 0.34545836 -0.89809453 -0.41936496 -0.13251141 0.034924455 -0.36834911 0.92903137
-0.43841365 0.82973003 0.34545836 -0.89809453 -0.41936496 -0.13251141 0.034924455 -0.36834911 0.92903137
0.092274085 -0.99541837 0.025055693 0.99501276 0.091220699 -0.040355533 0.037885036 0.028654553 0.99887127
0.092274085 -0.99541837 0.025055693 0.99501276 0.091220699 -0.040355533 0.037885036 0.028654553 0.99887127
0.85586309 -0.43587971 -0.27840132 0.51123595 0.79449636 0.32773975 0.078333639 -0.42282906 0.90281749
0.85586309 -0.43587971 -0.27840132 0.51123595 0.79449636 0.32773975 0.078333639 -0.42282906 0.90281749
-0.7870453 0.56346637 0.25112808 0.61685532 0.72346354 0.30998421 -0.0070163757 0.39888135 -0.9169758
-0.7870453 0.56346637 0.25112808 0.61685532 0.72346354 0.30998421 -0.0070163757 0.39888135 -0.9169758
-0.85636473 -0.42250574 0.29686448 -0.50464451 0.80660921 -0.30775908 -0.1094237 -0.41336501 -0.90396672
-0.85636473 -0.42250574 0.29686448 -0.50464451 0.80660921 -0.30775908 -0.1094237 -0.41336501 -0.90396672
-0.08881887 -0.92959851 -0.35771215 0.99596226 -0.087597199 -0.019652721 -0.013065442 -0.3580133 0.93362516
-0.08881887 -0.92959851 -0.35771215 0.99596226 -0.087597199 -0.019652721 -0.013065442 -0.3580133 0.93362516
0.9981066 -0.0066222018 -0.06115111 0.0063165952 -0.97789574 0.20899798 -0.061183427 -0.20898852 -0.97600228
0.9981066 -0.0066222018 -0.06115111 0.0063165952 -0.97789574 0.20899798 -0.061183427 -0.20898852 -0.97600228
0.95335853 0.24600901 -0.17489207 0.27108037 -0.95266473 0.13764305 -0.13275205 -0.17863296 -0.97491914
0.95335853 0.24600901 -0.17489207 0.27108037 -0.95266473 0.13764305 -0.13275205 -0.17863296 -0.97491914
-0.95639992 0.24567071 0.15794061 0.28236362 0.91596979 0.28507933 -0.074633159 0.3172465 -0.94540179
-0.95639992 0.24567071 0.15794061 0.28236362 0.91596979 0.28507933 -0.074633159 0.3172465 -0.94540179
0.86078292 0.45084363 -0.23620518 -0.48964864 0.86018848 -0.14254843 0.13891387 0.23836075 0.96119046
0.86078292 0.45084363 -0.23620518 -0.48964864 0.86018848 -0.14254843 0.13891387 0.23836075 0.96119046
-0.9634459 0.23000535 0.13736655 -0.26788881 -0.8323918 -0.48513865 0.0027582936 -0.5042038 0.86358029
-0.9634459 0.23000535 0.13736655 -0.26788881 -0.8323918 -0.48513865 0.0027582936 -0.5042038 0.86358029
0.8186233 -0.56688631 0.092173897 -0.5701285 -0.82147884 0.011232898 0.069351234 -0.061746549 -0.99567956
0.8186233 -0.56688631 0.092173897 -0.5701285 -0.82147884 0.011232898 0.069351234 -0.061746549 -0.99567956
-0.49206775 0.8136217 0.30965975 -0.86926103 -0.47860336 -0.12379147 0.047484793 -0.33008894 0.94275481
-0.49206775 0.8136217 0.30965975 -0.86926103 -0.47860336 -0.12379147 0.047484793 -0.33008894 0.94275481
-0.99395072 0.10926301 0.011118366 0.092410378 0.77732301 0.62227768 0.059349351 0.61954075 -0.78271776
-0.99395072 0.10926301 0.011118366 0.092410378 0.77732301 0.62227768 0.059349351 0.61954075 -0.78271776
0.8495273 -0.52316445 0.067841262 0.52754253 0.84284925 -0.10632173 -0.0015562288 0.12611236 0.99201483
0.8495273 -0.52316445 0.067841262 0.52754253 0.84284925 -0.10632173 -0.0015562288 0.12611236 0.99201483
-0.98772484 0.08930897 -0.12815423 -0.058906093 -0.97282153 -0.2239386 -0.14467093 -0.21364066 0.96614087
-0.98772484 0.08930897 -0.12815423 -0.058906093 -0.97282153 -0.2239386 -0.14467093 -0.21364066 0.96614087
0.085889854 0.92276555 0.37566856 -0.99008489 0.12112039 -0.071146436 -0.11115258 -0.36583298 0.9240191
0.085889854 0.92276555 0.37566856 -0.99008489 0.12112039 -0.071146436 -0.11115258 -0.36583298 0.9240191
0.93942976 -0.33918598 -0.049239747 0.32796848 0.93133676 -0.15826717 0.099540792 0.13253181 0.98616785
0.93942976 -0.33918598 -0.049239747 0.32796848 0.93133676 -0.15826717 0.099540792 0.13253181 0.98616785
0.97859788 0.18049529 -0.098832056 0.18989493 -0.97712284 0.095765486 -0.079285786 -0.11248358 -0.99048537
0.97859788 0.18049529 -0.098832056 0.18989493 -0.97712284 0.095765486 -0.079285786 -0.11248358 -0.99048537
-0.0057828999 -0.95499414 -0.29656833 0.97253782 -0.074376985 0.22054107 -0.23267329 -0.28714859 0.92919797
-0.0057828999 -0.95499414 -0.29656833 0.97253782 -0.074376985 0.22054107 -0.23267329 -0.28714859 0.92919797
-0.17401071 -0.89315307 -0.41472638 0.979442 -0.20062009 0.021100774 -0.10204867 -0.40252867 0.90970153
-0.17401071 -0.89315307 -0.41472638 0.979442 -0.20062009 0.021100774 -0.10204867 -0.40252867 0.90970153
0.71591985 0.67493045 -0.17868285 -0.69774312 0.70071912 -0.14881925 0.024763864 0.23121743 0.97258687
0.71591985 0.67493045 -0.17868285 -0.69774312 0.70071912 -0.14881925 0.024763864 0.23121743 0.97258687
-0.38290894 -0.85762435 -0.34330925 0.90499705 -0.42282677 0.046882115 -0.1853676 -0.29274231 0.93805164
-0.38290894 -0.85762435 -0.34330925 0.90499705 -0.42282677 0.046882115 -0.1853676 -0.29274231 0.93805164
0.46785998 0.86864567 -0.16297813 -0.88377941 0.4584839 -0.09341713 -0.006423533 0.18774283 0.98219728
0.46785998 0.86864567 -0.16297813 -0.88377941 0.4584839 -0.09341713 -0.006423533 0.18774283 0.98219728
-0.11797477 0.98948181 -0.083711997 -0.99233371 -0.11434801 0.04688783 0.03682233 0.088602006 0.99538636
-0.11797477 0.98948181 -0.083711997 -0.99233371 -0.11434801 0.04688783 0.03682233 0.088602006 0.99538636
-0.23799159 -0.96931362 -0.061573491 -0.96598798 0.24282272 -0.088907905 0.10113107 0.03831993 -0.99413484
-0.23799159 -0.96931362 -0.061573491 -0.96598798 0.24282272 -0.088907905 0.10113107 0.03831993 -0.99413484
0.7679103 -0.64053726 0.005076393 0.60765535 0.73095119 0.31058896 -0.20265436 -0.23541982 0.95053083
0.7679103 -0.64053726 0.005076393 0.60765535 0.73095119 0.31058896 -0.20265436 -0.23541982 0.95053083
-0.92298216 0.28534707 -0.2582269 -0.15974654 -0.89452845 -0.41749269 -0.35012156 -0.34408742 0.87121683
-0.92298216 0.28534707 -0.2582269 -0.15974654 -0.89452845 -0.41749269 -0.35012156 -0.34408742 0.87121683
-0.4811525 0.85258424 0.20394236 -0.82429808 -0.36083072 -0.43627274 -0.29837057 -0.378023 0.87639809
-0.4811525 0.85258424 0.20394236 -0.82429808 -0.36083072 -0.43627274 -0.29837057 -0.378023 0.87639809
0.18283604 0.97855365 -0.094887927 -0.98310691 0.18114321 -0.026231147 -0.0084802806 0.098080985 0.99514234
0.18283604 0.97855365 -0.094887927 -0.98310691 0.18114321 -0.026231147 -0.0084802806 0.098080985 0.99514234
0.92190289 -0.29646963 0.24940105 0.14835621 0.86482769 0.4796496 -0.3578904 -0.40519014 0.84127021
0.92190289 -0.29646963 0.24940105 0.14835621 0.86482769 0.4796496 -0.3578904 -0.40519014 0.84127021
-0.11515503 -0.99207795 -0.050207742 0.98417968 -0.12079758 0.12960917 -0.13464735 -0.034488302 0.99029326
-0.11515503 -0.99207795 -0.050207742 0.98417968 -0.12079758 0.12960917 -0.13464735 -0.034488302 0.99029326
-0.27589634 -0.91957229 -0.27976453 0.92681253 -0.331655 0.17613581 -0.25475481 -0.21069382 0.94377345
-0.27589634 -0.91957229 -0.27976453 0.92681253 -0.331655 0.17613581 -0.25475481 -0.21069382 0.94377345
-0.37678885 -0.74961978 -0.54415107 -0.85759854 0.5043214 -0.10091998 0.35007861 0.42863756 -0.83289552
-0.37678885 -0.74961978 -0.54415107 -0.85759854 0.5043214 -0.10091998 0.35007861 0.42863756 -0.83289552
-0.1938874 -0.88256186 -0.42835999 -0.90268409 0.33147961 -0.27437708 0.38414732 0.33347553 -0.86094427
-0.1938874 -0.88256186 -0.42835999 -0.90268409 0.33147961 -0.27437708 0.38414732 0.33347553 -0.86094427
0.47586191 -0.87902248 0.029582923 -0.7777015 -0.43624434 -0.45262742 0.41077504 0.19238131 -0.89120901
0.47586191 -0.87902248 0.029582923 -0.7777015 -0.43624434 -0.45262742 0.41077504 0.19238131 -0.89120901
0.65946472 -0.73789239 0.14360076 0.65855289 0.65919971 0.362993 -0.36251116 -0.14481257 0.92066008
0.65946472 -0.73789239 0.14360076 0.65855289 0.65919971 0.362993 -0.36251116 -0.14481257 0.92066008
-0.79872429 -0.19460499 -0.56935793 -0.042812094 -0.92547435 0.37638357 -0.60017234 0.32500207 0.73086727
-0.79872429 -0.19460499 -0.56935793 -0.042812094 -0.92547435 0.37638357 -0.60017234 0.32500207 0.73086727
0.45449078 -0.8890878 0.054416712 -0.7993468 -0.43404752 -0.41550905 0.39304334 0.14534736 -0.90795994
0.45449078 -0.8890878 0.054416712 -0.7993468 -0.43404752 -0.41550905 0.39304334 0.14534736 -0.90795994
-0.71071428 -0.1275401 -0.69182289 -0.20087066 -0.90569347 0.37332368 -0.67419314 0.40429333 0.61807007
-0.71071428 -0.1275401 -0.69182289 -0.20087066 -0.90569347 0.37332368 -0.67419314 0.40429333 0.61807007
-0.24702527 -0.96156597 -0.11987266 0.87107676 -0.27454758 0.40724561 -0.42450425 -0.0038183555 0.90541792
-0.24702527 -0.96156597 -0.11987266 0.87107676 -0.27454758 0.40724561 -0.42450425 -0.0038183555 0.90541792
-0.39301661 -0.78673798 -0.47600561 0.85746491 -0.50052345 0.11929031 -0.33210221 -0.36127505 0.87131417
-0.39301661 -0.78673798 -0.47600561 0.85746491 -0.50052345 0.11929031 -0.33210221 -0.36127505 0.87131417
-0.024946557 0.89226699 0.45081851 0.92978758 -0.1449573 0.33835262 0.36725029 0.42760628 -0.82600254
-0.024946557 0.89226699 0.45081851 0.92978758 -0.1449573 0.33835262 0.36725029 0.42760628 -0.82600254
-0.65694761 -0.049232699 -0.75232702 0.31706241 0.88729537 -0.3349306 0.68402582 -0.45856649 -0.56729668
-0.65694761 -0.049232699 -0.75232702 0.31706241 0.88729537 -0.3349306 0.68402582 -0.45856649 -0.56729668
0.18384761 -0.97495061 -0.12518537 0.93876463 0.13639598 0.31641304 -0.29141232 -0.17569128 0.9403252
0.18384761 -0.97495061 -0.12518537 0.93876463 0.13639598 0.31641304 -0.29141232 -0.17569128 0.9403252
0.060437839 -0.94308966 -0.3270005 -0.93114883 0.064750642 -0.35884437 0.35959584 0.32617387 -0.87424332
0.060437839 -0.94308966 -0.3270005 -0.93114883 0.064750642 -0.35884437 0.35959584 0.32617387 -0.87424332
-0.038152289 -0.99866015 0.034963764 0.85689247 -0.014695762 0.51528597 -0.51408166 0.049619693 0.85630488
-0.038152289 -0.99866015 0.034963764 0.85689247 -0.014695762 0.51528597 -0.51408166 0.049619693 0.85630488
-0.65340877 0.17830855 -0.73570585 -0.3269431 -0.94302011 0.061816737 -0.68276298 0.28092554 0.6744743
-0.65340877 0.17830855 -0.73570585 -0.3269431 -0.94302011 0.061816737 -0.68276298 0.28092554 0.6744743
0.049258549 0.88540995 0.46219361 -0.98058885 0.13080345 -0.14606927 -0.18978769 -0.44602674 0.87466621
0.049258549 0.88540995 0.46219361 -0.98058885 0.13080345 -0.14606927 -0.18978769 -0.44602674 0.87466621
-0.018212257 0.98538131 0.16938725 -0.87224501 0.067153588 -0.48443693 -0.48873004 -0.1565699 0.85827082
-0.018212257 0.98538131 0.16938725 -0.87224501 0.067153588 -0.48443693 -0.48873004 -0.1565699 0.85827082
-0.55590141 0.41456485 -0.72049272 -0.50796968 -0.8555125 -0.10032623 -0.65798217 0.31021696 0.68616682
-0.55590141 0.41456485 -0.72049272 -0.50796968 -0.8555125 -0.10032623 -0.65798217 0.31021696 0.68616682
