ply
format ascii 1.0
comment PCL generated
element vertex 354
property list uint float x_axis
property list uint float y_axis
property list uint float z_axis
element camera 1
property float view_px
property float view_py
property float view_pz
property float x_axisx
property float x_axisy
property float x_axisz
property float y_axisx
property float y_axisy
property float y_axisz
property float z_axisx
property float z_axisy
property float z_axisz
property float focal
property float scalex
property float scaley
property float centerx
property float centery
property int viewportx
property int viewporty
property float k1
property float k2
end_header
3 0.0047378009 0.99648774 0.083604939 3 -0.90469927 -0.031347234 0.42489615 3 0.42602459 -0.077650443 0.90137315
3 0.0047378009 0.99648774 0.083604939 3 -0.90469927 -0.031347234 0.42489615 3 0.42602459 -0.077650443 0.90137315
3 -0.27757573 0.86277843 -0.4225696 3 -0.8363651 -0.0005953759 0.54817235 3 0.47269973 0.50558186 0.72176307
3 -0.27757573 0.86277843 -0.4225696 3 -0.8363651 -0.0005953759 0.54817235 3 0.47269973 0.50558186 0.72176307
3 -0.0033401521 0.97151756 -0.23694436 3 -0.89949954 0.10060541 0.4251816 3 0.4369092 0.21455146 0.87354344
3 -0.0033401521 0.97151756 -0.23694436 3 -0.89949954 0.10060541 0.4251816 3 0.4369092 0.21455146 0.87354344
3 -0.091966882 0.99218625 0.084312595 3 -0.94693291 -0.11333232 0.300789 3 0.30799404 -0.052175704 0.9499566
3 -0.091966882 0.99218625 0.084312595 3 -0.94693291 -0.11333232 0.300789 3 0.30799404 -0.052175704 0.9499566
3 0.11192251 -0.98660296 -0.11869314 3 0.95467925 0.13990575 -0.26270539 3 0.27579176 -0.083911315 0.95754784
3 0.11192251 -0.98660296 -0.11869314 3 0.95467925 0.13990575 -0.26270539 3 0.27579176 -0.083911315 0.95754784
3 0.14392334 -0.90489471 -0.40056416 3 0.9388454 0.25281161 -0.23378554 3 0.31281856 -0.34242061 0.88594168
3 0.14392334 -0.90489471 -0.40056416 3 0.9388454 0.25281161 -0.23378554 3 0.31281856 -0.34242061 0.88594168
3 0.0076937797 0.99602342 0.088759325 3 -0.97464323 -0.012381338 0.22342208 3 0.22363256 -0.088227548 0.97067213
3 0.0076937797 0.99602342 0.088759325 3 -0.97464323 -0.012381338 0.22342208 3 0.22363256 -0.088227548 0.97067213
3 -0.2726593 -0.95893639 0.07809034 3 -0.92897344 0.28351811 0.23796222 3 -0.25033063 -0.0076613389 -0.96813011
3 -0.2726593 -0.95893639 0.07809034 3 -0.92897344 0.28351811 0.23796222 3 -0.25033063 -0.0076613389 -0.96813011
3 0.55277807 0.55293536 -0.62345719 3 -0.73678982 0.67382747 -0.055654541 3 0.38932914 0.49012142 0.77987432
3 0.55277807 0.55293536 -0.62345719 3 -0.73678982 0.67382747 -0.055654541 3 0.38932914 0.49012142 0.77987432
3 -0.57462847 -0.6974169 -0.42826614 3 0.81813258 -0.50323778 -0.27822825 3 -0.021478552 -0.51025623 0.8597542
3 -0.57462847 -0.6974169 -0.42826614 3 0.81813258 -0.50323778 -0.27822825 3 -0.021478552 -0.51025623 0.8597542
3 -0.31489745 0.69410861 -0.64734298 3 -0.90396833 -0.011458248 0.42744583 3 0.28927645 0.71977901 0.63106042
3 -0.31489745 0.69410861 -0.64734298 3 -0.90396833 -0.011458248 0.42744583 3 0.28927645 0.71977901 0.63106042
3 -0.2152241 0.97149903 0.099339247 3 -0.94908237 -0.23204494 0.21306805 3 0.23004657 -0.048423786 0.97197419
3 -0.2152241 0.97149903 0.099339247 3 -0.94908237 -0.23204494 0.21306805 3 0.23004657 -0.048423786 0.97197419
3 -0.36503851 -0.80863309 -0.46136707 3 -0.91028857 0.20608078 0.35903442 3 -0.19524819 0.55103844 -0.81131679
3 -0.36503851 -0.80863309 -0.46136707 3 -0.91028857 0.20608078 0.35903442 3 -0.19524819 0.55103844 -0.81131679
3 0.70373774 0.31970814 -0.63446033 3 -0.61069912 0.72854942 -0.31026185 3 0.36304247 0.60580736 0.70795321
3 0.70373774 0.31970814 -0.63446033 3 -0.61069912 0.72854942 -0.31026185 3 0.36304247 0.60580736 0.70795321
3 -0.58972758 0.80407059 0.075445279 3 -0.77116913 -0.58840322 0.2430639 3 0.23983273 0.085160427 0.96707189
3 -0.58972758 0.80407059 0.075445279 3 -0.77116913 -0.58840322 0.2430639 3 0.23983273 0.085160427 0.96707189
3 0.92885935 0.044552457 -0.36774379 3 -0.18736647 0.9128924 -0.36265874 3 0.31955311 0.40576175 0.85629618
3 0.92885935 0.044552457 -0.36774379 3 -0.18736647 0.9128924 -0.36265874 3 0.31955311 0.40576175 0.85629618
3 -0.10765728 0.99414843 0.0088874018 3 0.97276562 0.10717903 -0.2055236 3 -0.20527346 -0.013480779 -0.97861183
3 -0.10765728 0.99414843 0.0088874018 3 0.97276562 0.10717903 -0.2055236 3 -0.20527346 -0.013480779 -0.97861183
3 -0.15357248 -0.98129642 0.11607265 3 0.97831851 -0.16751233 -0.12178959 3 0.13895527 0.094852403 0.98574573
3 -0.15357248 -0.98129642 0.11607265 3 0.97831851 -0.16751233 -0.12178959 3 0.13895527 0.094852403 0.98574573
3 0.48367402 -0.76074815 -0.43280688 3 0.85648006 0.51324022 0.055014446 3 0.1802817 -0.39729941 0.8998065
3 0.48367402 -0.76074815 -0.43280688 3 0.85648006 0.51324022 0.055014446 3 0.1802817 -0.39729941 0.8998065
3 0.98437214 0.11070091 -0.13695541 3 -0.089802653 0.98454618 0.15034765 3 0.15148249 -0.13569909 0.97910106
3 0.98437214 0.11070091 -0.13695541 3 -0.089802653 0.98454618 0.15034765 3 0.15148249 -0.13569909 0.97910106
3 -0.9949733 -0.081256963 0.058527894 3 -0.073185496 0.98895818 0.12886377 3 -0.068352729 0.12393261 -0.98993373
3 -0.9949733 -0.081256963 0.058527894 3 -0.073185496 0.98895818 0.12886377 3 -0.068352729 0.12393261 -0.98993373
3 -0.32252726 -0.681705 -0.65669978 3 0.94201386 -0.29908192 -0.15218449 3 -0.092662059 -0.66770381 0.73863763
3 -0.32252726 -0.681705 -0.65669978 3 0.94201386 -0.29908192 -0.15218449 3 -0.092662059 -0.66770381 0.73863763
3 -0.66795576 0.43136379 -0.60643256 3 0.73198396 0.23376639 -0.63996321 3 -0.13429347 -0.8713659 -0.47189701
3 -0.66795576 0.43136379 -0.60643256 3 0.73198396 0.23376639 -0.63996321 3 -0.13429347 -0.8713659 -0.47189701
3 0.28671953 0.5113101 -0.81015682 3 -0.92569566 0.36566669 -0.096828088 3 0.24673815 0.77772099 0.57816124
3 0.28671953 0.5113101 -0.81015682 3 -0.92569566 0.36566669 -0.096828088 3 0.24673815 0.77772099 0.57816124
3 -0.99975073 -0.0022220602 0.022220356 3 -0.0042409129 0.9958213 -0.091226295 3 -0.021924784 -0.091297768 -0.99558234
3 -0.99975073 -0.0022220602 0.022220356 3 -0.0042409129 0.9958213 -0.091226295 3 -0.021924784 -0.091297768 -0.99558234
3 0.8671391 -0.45001441 -0.2134406 3 0.49785379 0.79565877 0.34506372 3 0.014542218 -0.40548041 0.91398811
3 0.8671391 -0.45001441 -0.2134406 3 0.49785379 0.79565877 0.34506372 3 0.014542218 -0.40548041 0.91398811
3 0.86747164 0.20237066 -0.45446578 3 -0.43050909 0.76316756 -0.48191017 3 0.24930893 0.61369497 0.74914867
3 0.86747164 0.20237066 -0.45446578 3 -0.43050909 0.76316756 -0.48191017 3 0.24930893 0.61369497 0.74914867
3 -0.95639503 0.28772947 0.050202634 3 -0.29173267 -0.94938797 -0.11642426 3 0.014163156 -0.12599336 0.99193001
3 -0.95639503 0.28772947 0.050202634 3 -0.29173267 -0.94938797 -0.11642426 3 0.014163156 -0.12599336 0.99193001
3 -0.99779201 -0.065493785 -0.011038131 3 -0.066281393 0.99253243 0.10240274 3 0.0042489632 0.10290824 -0.99468178
3 -0.99779201 -0.065493785 -0.011038131 3 -0.066281393 0.99253243 0.10240274 3 0.0042489632 0.10290824 -0.99468178
3 0.82696712 -0.40021706 0.3949073 3 -0.52250385 -0.28764457 0.80265218 3 -0.20764229 -0.87010741 -0.44698757
3 0.82696712 -0.40021706 0.3949073 3 -0.52250385 -0.28764457 0.80265218 3 -0.20764229 -0.87010741 -0.44698757
3 0.63267404 0.31822875 0.70601279 3 0.70005101 -0.62484187 -0.34568983 3 0.33113763 0.71295375 -0.61809784
3 0.63267404 0.31822875 0.70601279 3 0.70005101 -0.62484187 -0.34568983 3 0.33113763 0.71295375 -0.61809784
3 0.96236086 -0.26721254 -0.049588408 3 0.24737404 0.93681556 -0.24735151 3 0.11255061 0.22577453 0.96765608
3 0.96236086 -0.26721254 -0.049588408 3 0.24737404 0.93681556 -0.24735151 3 0.11255061 0.22577453 0.96765608
3 0.85054833 0.044878509 0.52397847 3 0.33766809 -0.81044501 -0.4787057 3 0.40317228 0.58409315 -0.70447665
3 0.85054833 0.044878509 0.52397847 3 0.33766809 -0.81044501 -0.4787057 3 0.40317228 0.58409315 -0.70447665
3 0.99118531 0.1314687 -0.016359115 3 0.1313052 -0.99128419 -0.010701191 3 -0.017623402 0.0084588267 -0.99980891
3 0.99118531 0.1314687 -0.016359115 3 0.1313052 -0.99128419 -0.010701191 3 -0.017623402 0.0084588267 -0.99980891
3 0.97958279 -0.17559771 0.097893186 3 0.15740946 0.97281492 0.16986336 3 -0.12505955 -0.1509859 0.98059338
3 0.97958279 -0.17559771 0.097893186 3 0.15740946 0.97281492 0.16986336 3 -0.12505955 -0.1509859 0.98059338
3 0.9584229 -0.28301215 0.036466476 3 0.25288248 0.90160698 0.35093513 3 -0.13219722 -0.32712251 0.93568945
3 0.9584229 -0.28301215 0.036466476 3 0.25288248 0.90160698 0.35093513 3 -0.13219722 -0.32712251 0.93568945
3 -0.82272851 -0.17312808 -0.54142815 3 0.35866463 -0.89705646 -0.2581653 3 -0.4409962 -0.40659112 0.80012876
3 -0.82272851 -0.17312808 -0.54142815 3 0.35866463 -0.89705646 -0.2581653 3 -0.4409962 -0.40659112 0.80012876
3 0.16092308 -0.98108709 0.10757352 3 0.97885007 0.17259863 0.10982928 3 -0.1263191 0.087624215 0.98811209
3 0.16092308 -0.98108709 0.10757352 3 0.97885007 0.17259863 0.10982928 3 -0.1263191 0.087624215 0.98811209
3 0.89236486 -0.44209215 -0.090772159 3 0.41365677 0.72076029 0.55623096 3 -0.18048044 -0.53390938 0.82605547
3 0.89236486 -0.44209215 -0.090772159 3 0.41365677 0.72076029 0.55623096 3 -0.18048044 -0.53390938 0.82605547
3 0.72491384 -0.685525 -0.067493804 3 0.68759799 0.7142452 0.1306251 3 -0.041339688 -0.14110051 0.98913181
3 0.72491384 -0.685525 -0.067493804 3 0.68759799 0.7142452 0.1306251 3 -0.041339688 -0.14110051 0.98913181
3 0.92235237 -0.34853315 -0.16670594 3 -0.024804786 -0.48402071 0.87470502 3 -0.3855527 -0.80265105 -0.45508289
3 0.92235237 -0.34853315 -0.16670594 3 -0.024804786 -0.48402071 0.87470502 3 -0.3855527 -0.80265105 -0.45508289
3 0.46110955 -0.88650835 0.038483087 3 0.87792963 0.46208894 0.12535319 3 -0.12890929 -0.024016041 0.99136555
3 0.46110955 -0.88650835 0.038483087 3 0.87792963 0.46208894 0.12535319 3 -0.12890929 -0.024016041 0.99136555
3 0.9649241 -0.14168787 0.22101158 3 0.14593197 0.98929042 -0.0029085856 3 -0.21823277 0.035059255 0.97526681
3 0.9649241 -0.14168787 0.22101158 3 0.14593197 0.98929042 -0.0029085856 3 -0.21823277 0.035059255 0.97526681
3 -0.29449174 0.56254983 -0.7725364 3 0.91060281 -0.08009541 -0.40544716 3 -0.2899608 -0.82287455 -0.48867196
3 -0.29449174 0.56254983 -0.7725364 3 0.91060281 -0.08009541 -0.40544716 3 -0.2899608 -0.82287455 -0.48867196
3 0.67805099 -0.61412084 -0.40385956 3 0.68020487 0.31608054 0.66137332 3 -0.27851114 -0.72315186 0.63204676
3 0.67805099 -0.61412084 -0.40385956 3 0.68020487 0.31608054 0.66137332 3 -0.27851114 -0.72315186 0.63204676
3 0.95286417 -0.25133047 0.1699498 3 0.16170968 0.89467341 0.41642484 3 -0.25670987 -0.36931375 0.89314473
3 0.95286417 -0.25133047 0.1699498 3 0.16170968 0.89467341 0.41642484 3 -0.25670987 -0.36931375 0.89314473
3 -0.91873085 0.38617235 -0.082490638 3 0.23178744 0.69649953 0.67909002 3 0.31970051 0.6047805 -0.72940534
3 -0.91873085 0.38617235 -0.082490638 3 0.23178744 0.69649953 0.67909002 3 0.31970051 0.6047805 -0.72940534
3 0.96738899 -0.012187441 0.25300193 3 -0.0037061376 0.99805379 0.062248532 3 -0.25326821 -0.061156206 0.96546113
3 0.96738899 -0.012187441 0.25300193 3 -0.0037061376 0.99805379 0.062248532 3 -0.25326821 -0.061156206 0.96546113
3 0.67084575 0.7399708 0.049084459 3 0.74158365 -0.66975898 -0.038427081 3 0.0044398392 0.062178873 -0.99805516
3 0.67084575 0.7399708 0.049084459 3 0.74158365 -0.66975898 -0.038427081 3 0.0044398392 0.062178873 -0.99805516
3 -0.22295061 0.59589767 -0.77149153 3 -0.9490208 0.048224904 0.31150293 3 0.22282892 0.80161113 0.55476737
3 -0.22295061 0.59589767 -0.77149153 3 -0.9490208 0.048224904 0.31150293 3 0.22282892 0.80161113 0.55476737
3 -0.79432094 0.54310447 -0.27219826 3 -0.59875429 -0.62415427 0.50192124 3 0.10270204 0.56166631 0.82096487
3 -0.79432094 0.54310447 -0.27219826 3 -0.59875429 -0.62415427 0.50192124 3 0.10270204 0.56166631 0.82096487
3 0.76303929 -0.64200801 -0.074811406 3 0.64137876 0.73774862 0.21061847 3 -0.080026709 -0.20869263 0.97470152
3 0.76303929 -0.64200801 -0.074811406 3 0.64137876 0.73774862 0.21061847 3 -0.080026709 -0.20869263 0.97470152
3 0.14689407 0.98692912 0.066281788 3 0.96667403 -0.15743744 0.20187925 3 0.2096757 0.034418005 -0.9771651
3 0.14689407 0.98692912 0.066281788 3 0.96667403 -0.15743744 0.20187925 3 0.2096757 0.034418005 -0.9771651
3 0.9542219 -0.20928419 -0.21368405 3 0.012494057 0.74169075 -0.67062581 3 0.29883885 0.63725591 0.71035224
3 0.9542219 -0.20928419 -0.21368405 3 0.012494057 0.74169075 -0.67062581 3 0.29883885 0.63725591 0.71035224
3 -0.9492135 0.30146495 -0.090070739 3 -0.31318566 -0.9327299 0.17868924 3 -0.030143065 0.19782305 0.97977424
3 -0.9492135 0.30146495 -0.090070739 3 -0.31318566 -0.9327299 0.17868924 3 -0.030143065 0.19782305 0.97977424
3 0.47244877 0.88101065 -0.024747767 3 0.88035327 -0.47038352 0.060971573 3 0.042075675 -0.050592691 -0.99783266
3 0.47244877 0.88101065 -0.024747767 3 0.88035327 -0.47038352 0.060971573 3 0.042075675 -0.050592691 -0.99783266
3 0.72160769 -0.68835062 -0.073863626 3 -0.68675113 -0.69825155 -0.20203467 3 0.087495133 0.19651583 -0.97658914
3 0.72160769 -0.68835062 -0.073863626 3 -0.68675113 -0.69825155 -0.20203467 3 0.087495133 0.19651583 -0.97658914
3 0.96670461 -0.17366855 0.18794 3 0.1379095 0.97223616 0.18904491 3 -0.2155533 -0.15683186 0.96381569
3 0.96670461 -0.17366855 0.18794 3 0.1379095 0.97223616 0.18904491 3 -0.2155533 -0.15683186 0.96381569
3 -0.85239977 0.37994382 0.35924548 3 0.5219714 0.57756293 0.62766784 3 0.030991659 0.72253984 -0.69063431
3 -0.85239977 0.37994382 0.35924548 3 0.5219714 0.57756293 0.62766784 3 0.030991659 0.72253984 -0.69063431
3 -0.41878149 -0.60024601 -0.68141532 3 0.8880527 -0.42746037 -0.16923399 3 -0.18969603 -0.67600477 0.71206248
3 -0.41878149 -0.60024601 -0.68141532 3 0.8880527 -0.42746037 -0.16923399 3 -0.18969603 -0.67600477 0.71206248
3 0.92995751 0.33825099 0.14410144 3 -0.35300073 0.93102014 0.09269318 3 -0.10280794 -0.1370687 0.98521203
3 0.92995751 0.33825099 0.14410144 3 -0.35300073 0.93102014 0.09269318 3 -0.10280794 -0.1370687 0.98521203
3 -0.013154436 -0.9998908 -0.0067488411 3 -0.99921298 0.013397543 -0.037339319 3 0.037425652 0.0062523899 -0.99927992
3 -0.013154436 -0.9998908 -0.0067488411 3 -0.99921298 0.013397543 -0.037339319 3 0.037425652 0.0062523899 -0.99927992
3 0.95921415 -0.26771888 0.090745933 3 0.23863724 0.5948261 -0.76761597 3 0.15152733 0.75796342 0.6344533
3 0.95921415 -0.26771888 0.090745933 3 0.23863724 0.5948261 -0.76761597 3 0.15152733 0.75796342 0.6344533
3 0.5735389 0.81909275 0.011842546 3 -0.80633974 0.5670405 -0.16817123 3 -0.14446305 0.086903594 0.98568672
3 0.5735389 0.81909275 0.011842546 3 -0.80633974 0.5670405 -0.16817123 3 -0.14446305 0.086903594 0.98568672
3 -0.98582685 0.04325885 0.162093 3 -0.13776033 -0.76015329 -0.63497174 3 0.095747434 -0.64830214 0.75533885
3 -0.98582685 0.04325885 0.162093 3 -0.13776033 -0.76015329 -0.63497174 3 0.095747434 -0.64830214 0.75533885
3 0.24878837 -0.62125635 0.74306452 3 0.96815312 0.13733402 -0.20932987 3 0.027999518 0.77147895 0.63563848
3 0.24878837 -0.62125635 0.74306452 3 0.96815312 0.13733402 -0.20932987 3 0.027999518 0.77147895 0.63563848
3 0.288977 0.95683426 0.030991161 3 0.94578159 -0.29035398 0.14557382 3 0.14828844 -0.012756638 -0.98886192
3 0.288977 0.95683426 0.030991161 3 0.94578159 -0.29035398 0.14557382 3 0.14828844 -0.012756638 -0.98886192
3 -0.7623747 0.48582363 -0.42750472 3 -0.62656492 -0.71938187 0.29984352 3 -0.1618678 0.49645239 0.85283864
3 -0.7623747 0.48582363 -0.42750472 3 -0.62656492 -0.71938187 0.29984352 3 -0.1618678 0.49645239 0.85283864
3 0.38617972 -0.89953923 -0.20419219 3 -0.92210698 -0.3822701 -0.059904605 3 -0.024170011 0.21142094 -0.97709632
3 0.38617972 -0.89953923 -0.20419219 3 -0.92210698 -0.3822701 -0.059904605 3 -0.024170011 0.21142094 -0.97709632
3 0.29103324 -0.94171983 -0.16871129 3 0.95519251 0.29595533 -0.0042334571 3 0.053917855 -0.15992007 0.98565638
3 0.29103324 -0.94171983 -0.16871129 3 0.95519251 0.29595533 -0.0042334571 3 0.053917855 -0.15992007 0.98565638
3 -0.44814959 0.61539406 -0.64842284 3 -0.89041567 -0.37179348 0.26254463 3 -0.079510964 0.69502509 0.71457553
3 -0.44814959 0.61539406 -0.64842284 3 -0.89041567 -0.37179348 0.26254463 3 -0.079510964 0.69502509 0.71457553
3 0.17138363 -0.98441154 -0.039518807 3 0.9781462 0.17481178 -0.11256623 3 0.11771982 -0.019363085 0.99285811
3 0.17138363 -0.98441154 -0.039518807 3 0.9781462 0.17481178 -0.11256623 3 0.11771982 -0.019363085 0.99285811
3 0.91132367 -0.22130215 -0.34715214 3 0.39698526 0.69573855 0.59862405 3 0.10905033 -0.6833545 0.72189665
3 0.91132367 -0.22130215 -0.34715214 3 0.39698526 0.69573855 0.59862405 3 0.10905033 -0.6833545 0.72189665
3 -0.57400876 -0.63155925 -0.52119762 3 0.81877363 -0.45132479 -0.35484606 3 -0.011123193 -0.63042766 0.77616829
3 -0.57400876 -0.63155925 -0.52119762 3 0.81877363 -0.45132479 -0.35484606 3 -0.011123193 -0.63042766 0.77616829
3 -0.98784149 0.10835928 0.11147859 3 -0.13412806 -0.95659626 -0.25871506 3 0.078605898 -0.27052188 0.95949942
3 -0.98784149 0.10835928 0.11147859 3 -0.13412806 -0.95659626 -0.25871506 3 0.078605898 -0.27052188 0.95949942
3 0.96023369 0.087675504 -0.2650741 3 0.24174115 -0.73609316 0.63224071 3 -0.1396872 -0.67117816 -0.7280162
3 0.96023369 0.087675504 -0.2650741 3 0.24174115 -0.73609316 0.63224071 3 -0.1396872 -0.67117816 -0.7280162
3 -0.93855679 0.15383549 -0.30894321 3 -0.23537996 -0.93998927 0.24701551 3 -0.2524035 0.30455709 0.91844296
3 -0.93855679 0.15383549 -0.30894321 3 -0.23537996 -0.93998927 0.24701551 3 -0.2524035 0.30455709 0.91844296
3 -0.5988912 0.79639423 -0.084175847 3 0.79035473 0.60472864 0.098198004 3 0.12910786 -0.0077188443 -0.99160057
3 -0.5988912 0.79639423 -0.084175847 3 0.79035473 0.60472864 0.098198004 3 0.12910786 -0.0077188443 -0.99160057
3 0.49685165 -0.86136246 -0.1057977 3 -0.86782742 -0.49367023 -0.056262914 3 -0.0037664089 0.11976846 -0.99279481
3 0.49685165 -0.86136246 -0.1057977 3 -0.86782742 -0.49367023 -0.056262914 3 -0.0037664089 0.11976846 -0.99279481
3 -0.98182058 -0.092403278 0.16580132 3 -0.029962175 -0.7871055 -0.61609042 3 0.18743183 -0.60985798 0.7700277
3 -0.98182058 -0.092403278 0.16580132 3 -0.029962175 -0.7871055 -0.61609042 3 0.18743183 -0.60985798 0.7700277
3 0.97833061 -0.20609897 -0.01980851 3 0.1459167 0.75418633 -0.64024311 3 0.14689277 0.62347907 0.76791692
3 0.97833061 -0.20609897 -0.01980851 3 0.1459167 0.75418633 -0.64024311 3 0.14689277 0.62347907 0.76791692
3 -0.94132185 0.14195713 -0.30620497 3 -0.20656617 -0.95979708 0.19005311 3 -0.26691511 0.24215269 0.93280143
3 -0.94132185 0.14195713 -0.30620497 3 -0.20656617 -0.95979708 0.19005311 3 -0.26691511 0.24215269 0.93280143
3 0.34477356 0.93867767 -0.003952242 3 -0.91137052 0.33372945 -0.24089149 3 -0.22480047 0.086654849 0.97054404
3 0.34477356 0.93867767 -0.003952242 3 -0.91137052 0.33372945 -0.24089149 3 -0.22480047 0.086654849 0.97054404
3 -0.91443312 0.36326709 0.1784631 3 -0.36412811 -0.93089432 0.029095579 3 0.1766998 -0.03837749 0.9835164
3 -0.91443312 0.36326709 0.1784631 3 -0.36412811 -0.93089432 0.029095579 3 0.1766998 -0.03837749 0.9835164
3 -0.0094340872 0.72515023 0.68852615 3 0.99287033 0.088615224 -0.079724677 3 -0.11882626 0.68286502 -0.72081602
3 -0.0094340872 0.72515023 0.68852615 3 0.99287033 0.088615224 -0.079724677 3 -0.11882626 0.68286502 -0.72081602
3 -0.30460724 -0.77371597 -0.55549818 3 -0.94797772 0.18964186 0.2556839 3 -0.092481025 0.60448289 -0.79123169
3 -0.30460724 -0.77371597 -0.55549818 3 -0.94797772 0.18964186 0.2556839 3 -0.092481025 0.60448289 -0.79123169
3 -0.83334368 0.39732471 -0.3842805 3 -0.49950898 -0.839019 0.21572687 3 -0.23670502 0.37172613 0.89765835
3 -0.83334368 0.39732471 -0.3842805 3 -0.49950898 -0.839019 0.21572687 3 -0.23670502 0.37172613 0.89765835
3 -0.64921921 0.73067373 -0.21125895 3 0.7332834 0.67504489 0.081302583 3 0.20201489 -0.10212943 -0.97404301
3 -0.64921921 0.73067373 -0.21125895 3 0.7332834 0.67504489 0.081302583 3 0.20201489 -0.10212943 -0.97404301
3 -0.96017349 0.20530429 0.18951781 3 -0.2264379 -0.9691487 -0.097348571 3 0.16368483 -0.13638553 0.97703958
3 -0.96017349 0.20530429 0.18951781 3 -0.2264379 -0.9691487 -0.097348571 3 0.16368483 -0.13638553 0.97703958
3 -0.97210586 -0.2103352 0.10377555 3 0.11627105 -0.81643301 -0.56561315 3 0.20369421 -0.53776973 0.81811512
3 -0.97210586 -0.2103352 0.10377555 3 0.11627105 -0.81643301 -0.56561315 3 0.20369421 -0.53776973 0.81811512
3 -0.53863627 -0.84215814 0.025313819 3 -0.82355285 0.53260326 0.19517866 3 -0.17785348 0.084283061 -0.98044103
3 -0.53863627 -0.84215814 0.025313819 3 -0.82355285 0.53260326 0.19517866 3 -0.17785348 0.084283061 -0.98044103
3 -0.71222186 -0.69234073 0.11577757 3 -0.67248029 0.72026396 0.17026532 3 -0.2012721 0.043408435 -0.97857308
3 -0.71222186 -0.69234073 0.11577757 3 -0.67248029 0.72026396 0.17026532 3 -0.2012721 0.043408435 -0.97857308
3 -0.91578376 -0.40164647 0.0045137843 3 0.40053514 -0.91228968 0.085435309 3 -0.030196954 0.080048159 0.99633348
3 -0.91578376 -0.40164647 0.0045137843 3 0.40053514 -0.91228968 0.085435309 3 -0.030196954 0.080048159 0.99633348
3 -0.84081292 0.30010036 0.45052561 3 0.51085198 0.71519172 0.47700211 3 -0.17906387 0.63122153 -0.75464928
3 -0.84081292 0.30010036 0.45052561 3 0.51085198 0.71519172 0.47700211 3 -0.17906387 0.63122153 -0.75464928
3 -0.86340606 -0.49394923 0.10268575 3 0.49159527 -0.86945152 -0.048873026 3 0.11342102 0.008282546 0.99351257
3 -0.86340606 -0.49394923 0.10268575 3 0.49159527 -0.86945152 -0.048873026 3 0.11342102 0.008282546 0.99351257
3 -0.98702443 0.095649891 0.1289725 3 -0.12313321 -0.96640176 -0.22562385 3 0.10305832 -0.23857704 0.96563977
3 -0.98702443 0.095649891 0.1289725 3 -0.12313321 -0.96640176 -0.22562385 3 0.10305832 -0.23857704 0.96563977
3 0.84028065 0.32653806 -0.43278342 3 -0.50912213 0.74963915 -0.42289001 3 0.18634175 0.57568586 0.79615486
3 0.84028065 0.32653806 -0.43278342 3 -0.50912213 0.74963915 -0.42289001 3 0.18634175 0.57568586 0.79615486
3 -0.20757872 0.92783809 -0.30988336 3 0.97303748 0.22840552 0.032081317 3 0.10054534 -0.29486874 -0.95023322
3 -0.20757872 0.92783809 -0.30988336 3 0.97303748 0.22840552 0.032081317 3 0.10054534 -0.29486874 -0.95023322
3 -0.8400864 0.47090125 -0.26927125 3 0.50726259 0.85784459 -0.082386449 3 0.19219697 -0.20580293 -0.95953405
3 -0.8400864 0.47090125 -0.26927125 3 0.50726259 0.85784459 -0.082386449 3 0.19219697 -0.20580293 -0.95953405
3 0.43177843 -0.89611816 -0.1026629 3 0.89536679 0.43958479 -0.071299672 3 0.10902203 -0.0611354 0.99215764
3 0.43177843 -0.89611816 -0.1026629 3 0.89536679 0.43958479 -0.071299672 3 0.10902203 -0.0611354 0.99215764
3 0.90312636 0.13457063 -0.40774211 3 -0.36273658 0.74724209 -0.55682284 3 0.22975005 0.65078425 0.72366762
3 0.90312636 0.13457063 -0.40774211 3 -0.36273658 0.74724209 -0.55682284 3 0.22975005 0.65078425 0.72366762
3 -0.44092423 -0.89716995 0.025925048 3 0.88484889 -0.43934709 -0.15497406 3 0.15042813 -0.045392074 0.98757839
3 -0.44092423 -0.89716995 0.025925048 3 0.88484889 -0.43934709 -0.15497406 3 0.15042813 -0.045392074 0.98757839
3 -0.55820304 0.55469304 0.61702919 3 -0.80711842 -0.53536141 -0.24889372 3 0.19227389 -0.6369487 0.74654347
3 -0.55820304 0.55469304 0.61702919 3 -0.80711842 -0.53536141 -0.24889372 3 0.19227389 -0.6369487 0.74654347
3 -0.90598184 0.35872924 -0.22474487 3 0.38758314 0.91643512 -0.099629447 3 0.17022389 -0.17736971 -0.969311
3 -0.90598184 0.35872924 -0.22474487 3 0.38758314 0.91643512 -0.099629447 3 0.17022389 -0.17736971 -0.969311
3 -0.59433758 0.54141736 0.59466815 3 -0.77900529 -0.57127178 -0.2584562 3 0.19978449 -0.61685985 0.76129508
3 -0.59433758 0.54141736 0.59466815 3 -0.77900529 -0.57127178 -0.2584562 3 0.19978449 -0.61685985 0.76129508
3 -0.60372764 0.55069011 0.57641423 3 -0.78048861 -0.55554348 -0.28672129 3 0.16232851 -0.62298626 0.76520437
3 -0.60372764 0.55069011 0.57641423 3 -0.78048861 -0.55554348 -0.28672129 3 0.16232851 -0.62298626 0.76520437
3 0.99764645 -0.068239897 -0.0067125461 3 0.068087816 0.97430348 0.21470226 3 -0.0081111938 -0.21465395 0.9766565
3 0.99764645 -0.068239897 -0.0067125461 3 0.068087816 0.97430348 0.21470226 3 -0.0081111938 -0.21465395 0.9766565
3 0.66794223 -0.52069896 -0.53171968 3 0.73502958 0.57346398 0.36176059 3 0.11655375 -0.63246489 0.7657699
3 0.66794223 -0.52069896 -0.53171968 3 0.73502958 0.57346398 0.36176059 3 0.11655375 -0.63246489 0.7657699
3 -0.94133711 0.31367114 -0.12447836 3 -0.29646814 -0.59244376 0.74907762 3 0.1612176 0.74203843 0.65068281
3 -0.94133711 0.31367114 -0.12447836 3 -0.29646814 -0.59244376 0.74907762 3 0.1612176 0.74203843 0.65068281
3 -0.98112774 0.18773873 0.046289455 3 0.18200783 0.97748947 -0.10671335 3 -0.06528163 -0.096274368 -0.99321181
3 -0.98112774 0.18773873 0.046289455 3 0.18200783 0.97748947 -0.10671335 3 -0.06528163 -0.096274368 -0.99321181
3 -0.93744361 -0.074553609 0.34006065 3 0.28686333 -0.71887225 0.633192 3 0.19725339 0.69113272 0.6952889
3 -0.93744361 -0.074553609 0.34006065 3 0.28686333 -0.71887225 0.633192 3 0.19725339 0.69113272 0.6952889
3 -0.93874371 -0.30061892 -0.16848888 3 0.34405234 -0.84550887 -0.40834153 3 -0.019703647 -0.44129705 0.89714479
3 -0.93874371 -0.30061892 -0.16848888 3 0.34405234 -0.84550887 -0.40834153 3 -0.019703647 -0.44129705 0.89714479
3 0.67770988 -0.7155531 0.16939007 3 0.7336182 0.64224231 -0.22210163 3 0.050135966 0.2747882 0.96019679
3 0.67770988 -0.7155531 0.16939007 3 0.7336182 0.64224231 -0.22210163 3 0.050135966 0.2747882 0.96019679
3 0.71941721 -0.67965043 0.14322791 3 0.69410121 0.71111387 -0.11198573 3 -0.025740247 0.17997915 0.98333365
3 0.71941721 -0.67965043 0.14322791 3 0.69410121 0.71111387 -0.11198573 3 -0.025740247 0.17997915 0.98333365
3 -0.75576973 -0.65483469 0.0019124933 3 -0.65166563 0.75239289 0.096109062 3 -0.064374603 0.071389914 -0.99536902
3 -0.75576973 -0.65483469 0.0019124933 3 -0.65166563 0.75239289 0.096109062 3 -0.064374603 0.071389914 -0.99536902
3 0.98993051 0.1306086 0.054581221 3 0.13716051 -0.98035496 -0.14174441 3 0.034995984 0.1478035 -0.98839748
3 0.98993051 0.1306086 0.054581221 3 0.13716051 -0.98035496 -0.14174441 3 0.034995984 0.1478035 -0.98839748
3 0.92489803 -0.37613943 -0.055524413 3 0.37998441 0.9195174 0.10049814 3 0.013254255 -0.11404889 0.99338675
3 0.92489803 -0.37613943 -0.055524413 3 0.37998441 0.9195174 0.10049814 3 0.013254255 -0.11404889 0.99338675
3 0.98424959 0.10133679 0.14485714 3 -0.1413644 0.94318354 0.30070081 3 -0.10615481 -0.31644228 0.94265342
3 0.98424959 0.10133679 0.14485714 3 -0.1413644 0.94318354 0.30070081 3 -0.10615481 -0.31644228 0.94265342
3 0.97615516 0.08810021 -0.19839217 3 -0.18137817 0.83314645 -0.52246451 3 0.11926056 0.54599041 0.82925963
3 0.97615516 0.08810021 -0.19839217 3 -0.18137817 0.83314645 -0.52246451 3 0.11926056 0.54599041 0.82925963
3 -0.86926901 -0.49209696 0.047033839 3 0.49147752 -0.87053907 -0.024737017 3 0.053117774 0.0016129401 0.99858701
3 -0.86926901 -0.49209696 0.047033839 3 0.49147752 -0.87053907 -0.024737017 3 0.053117774 0.0016129401 0.99858701
3 0.95789158 -0.27162459 -0.093080446 3 0.28207117 0.82960939 0.48185518 3 -0.053663306 -0.48782024 0.87129313
3 0.95789158 -0.27162459 -0.093080446 3 0.28207117 0.82960939 0.48185518 3 -0.053663306 -0.48782024 0.87129313
3 0.99928665 0.0067573264 -0.037157293 3 -0.016165337 0.96571004 -0.25911972 3 0.034132227 0.25953549 0.96513027
3 0.99928665 0.0067573264 -0.037157293 3 -0.016165337 0.96571004 -0.25911972 3 0.034132227 0.25953549 0.96513027
3 -0.28126362 0.94955891 -0.13866757 3 0.95933473 0.27463803 -0.065198943 3 -0.023826899 -0.15136655 -0.98819047
3 -0.28126362 0.94955891 -0.13866757 3 0.95933473 0.27463803 -0.065198943 3 -0.023826899 -0.15136655 -0.98819047
3 -0.27455613 0.93730491 -0.21465884 3 0.96050328 0.2568129 -0.10714715 3 -0.045302361 -0.23559855 -0.97079402
3 -0.27455613 0.93730491 -0.21465884 3 0.96050328 0.2568129 -0.10714715 3 -0.045302361 -0.23559855 -0.97079402
3 -0.55022866 0.80297154 -0.22909634 3 0.83157545 0.50206208 -0.23752055 3 -0.075701736 -0.32120138 -0.9439804
3 -0.55022866 0.80297154 -0.22909634 3 0.83157545 0.50206208 -0.23752055 3 -0.075701736 -0.32120138 -0.9439804
3 0.72171235 -0.68784535 -0.077459723 3 0.69213164 0.71562517 0.093990944 3 -0.0092191491 -0.12144672 0.99255514
3 0.72171235 -0.68784535 -0.077459723 3 0.69213164 0.71562517 0.093990944 3 -0.0092191491 -0.12144672 0.99255514
3 0.84377098 0.51437646 0.15319125 3 0.53214562 -0.83892214 -0.11415273 3 0.069798067 0.1778388 -0.98158115
3 0.84377098 0.51437646 0.15319125 3 0.53214562 -0.83892214 -0.11415273 3 0.069798067 0.1778388 -0.98158115
3 0.95591629 -0.2800681 0.088238142 3 0.25282973 0.63219976 -0.7323938 3 0.14933607 0.72241634 0.67513961
3 0.95591629 -0.2800681 0.088238142 3 0.25282973 0.63219976 -0.7323938 3 0.14933607 0.72241634 0.67513961
3 0.80423433 -0.53027695 -0.26835337 3 0.5939821 0.70212984 0.3926819 3 -0.019811271 -0.47520533 0.87965196
3 0.80423433 -0.53027695 -0.26835337 3 0.5939821 0.70212984 0.3926819 3 -0.019811271 -0.47520533 0.87965196
3 0.041276205 0.99026698 -0.13292022 3 -0.99913704 0.040287372 -0.01012135 3 -0.0046678204 0.13322352 0.9910751
3 0.041276205 0.99026698 -0.13292022 3 -0.99913704 0.040287372 -0.01012135 3 -0.0046678204 0.13322352 0.9910751
3 0.52441734 0.82077867 0.22651476 3 -0.84623623 0.53184479 0.032024607 3 -0.094185516 -0.20847914 0.97348118
3 0.52441734 0.82077867 0.22651476 3 -0.84623623 0.53184479 0.032024607 3 -0.094185516 -0.20847914 0.97348118
3 0.28901726 -0.92235738 -0.2563709 3 -0.94690686 -0.23603174 -0.21830398 3 0.14084262 0.30585283 -0.94160366
3 0.28901726 -0.92235738 -0.2563709 3 -0.94690686 -0.23603174 -0.21830398 3 0.14084262 0.30585283 -0.94160366
3 -0.94157952 0.33661836 0.01076981 3 -0.33659819 -0.93947953 -0.063872248 3 -0.011382592 -0.063765891 0.99789995
3 -0.94157952 0.33661836 0.01076981 3 -0.33659819 -0.93947953 -0.063872248 3 -0.011382592 -0.063765891 0.99789995
3 -0.98866594 0.077698343 -0.12846251 3 -0.11474302 -0.94286102 0.31280553 3 -0.096817829 0.32400036 0.94108993
3 -0.98866594 0.077698343 -0.12846251 3 -0.11474302 -0.94286102 0.31280553 3 -0.096817829 0.32400036 0.94108993
3 -0.98638034 0.16236559 0.026292335 3 -0.14839108 -0.94740272 0.28356361 3 0.070950478 0.27580002 0.95859301
3 -0.98638034 0.16236559 0.026292335 3 -0.14839108 -0.94740272 0.28356361 3 0.070950478 0.27580002 0.95859301
3 0.97396314 -0.22036703 0.053238153 3 -0.19678947 -0.70519781 0.68115354 3 -0.11256026 -0.67389506 -0.73020244
3 0.97396314 -0.22036703 0.053238153 3 -0.19678947 -0.70519781 0.68115354 3 -0.11256026 -0.67389506 -0.73020244
3 0.9342162 -0.35524368 0.032280613 3 -0.33651215 -0.90772659 -0.25058389 3 0.11832023 0.22323672 -0.96755666
3 0.9342162 -0.35524368 0.032280613 3 -0.33651215 -0.90772659 -0.25058389 3 0.11832023 0.22323672 -0.96755666
3 0.48828903 -0.81884056 -0.3017846 3 0.86305672 0.40189067 0.30596894 3 -0.12925525 -0.40985867 0.90294456
3 0.48828903 -0.81884056 -0.3017846 3 0.86305672 0.40189067 0.30596894 3 -0.12925525 -0.40985867 0.90294456
3 -0.98058295 0.074491747 -0.18140589 3 0.13221578 0.93431342 -0.33102512 3 0.14483126 -0.3485823 -0.92602074
3 -0.98058295 0.074491747 -0.18140589 3 0.13221578 0.93431342 -0.33102512 3 0.14483126 -0.3485823 -0.92602074
3 0.075504638 0.94174844 -0.32773337 3 -0.9965601 0.082529627 0.0075586792 3 0.034166075 0.32603517 0.94474012
3 0.075504638 0.94174844 -0.32773337 3 -0.9965601 0.082529627 0.0075586792 3 0.034166075 0.32603517 0.94474012
3 0.64768171 -0.75629795 -0.092313983 3 0.75521976 0.62124175 0.20904988 3 -0.10075486 -0.20511492 0.97353804
3 0.64768171 -0.75629795 -0.092313983 3 0.75521976 0.62124175 0.20904988 3 -0.10075486 -0.20511492 0.97353804
3 0.41893229 -0.87732494 -0.23408714 3 0.90179551 0.37187001 0.22017619 3 -0.10611607 -0.30333763 0.94695598
3 0.41893229 -0.87732494 -0.23408714 3 0.90179551 0.37187001 0.22017619 3 -0.10611607 -0.30333763 0.94695598
3 0.99846482 -0.030861715 -0.045996197 3 -0.0012081992 0.81806821 -0.57512003 3 0.055377219 0.5742926 0.81677496
3 0.99846482 -0.030861715 -0.045996197 3 -0.0012081992 0.81806821 -0.57512003 3 0.055377219 0.5742926 0.81677496
3 -0.096559152 0.96924549 -0.22636151 3 -0.97786313 -0.13479507 -0.16004437 3 -0.18563467 0.20589666 0.96080512
3 -0.096559152 0.96924549 -0.22636151 3 -0.97786313 -0.13479507 -0.16004437 3 -0.18563467 0.20589666 0.96080512
3 -0.3089515 -0.91466886 0.2606338 3 0.94829524 -0.27530751 0.15793061 3 -0.072699688 0.29595086 0.95243263
3 -0.3089515 -0.91466886 0.2606338 3 0.94829524 -0.27530751 0.15793061 3 -0.072699688 0.29595086 0.95243263
3 -0.51249373 0.69937432 -0.49822256 3 -0.85548574 -0.46593574 0.22593835 3 -0.074124098 0.54201412 0.83709401
3 -0.51249373 0.69937432 -0.49822256 3 -0.85548574 -0.46593574 0.22593835 3 -0.074124098 0.54201412 0.83709401
3 -0.87817287 0.36546215 -0.30862582 3 -0.45006502 -0.84982371 0.27430132 3 -0.16203085 0.37978566 0.91077375
3 -0.87817287 0.36546215 -0.30862582 3 -0.45006502 -0.84982371 0.27430132 3 -0.16203085 0.37978566 0.91077375
3 -0.13476859 0.94438905 -0.29994491 3 -0.96695435 -0.19145912 -0.16835359 3 -0.21641843 0.26734418 0.93898362
3 -0.13476859 0.94438905 -0.29994491 3 -0.96695435 -0.19145912 -0.16835359 3 -0.21641843 0.26734418 0.93898362
3 -0.78509831 -0.61874604 0.027822811 3 0.61036783 -0.76527333 0.2044698 3 -0.10522284 0.17751101 0.97847736
3 -0.78509831 -0.61874604 0.027822811 3 0.61036783 -0.76527333 0.2044698 3 -0.10522284 0.17751101 0.97847736
3 -0.97669351 -0.18006445 -0.11681863 3 0.18598829 -0.98165935 -0.04187344 3 -0.10713616 -0.06262441 0.99227023
3 -0.97669351 -0.18006445 -0.11681863 3 0.18598829 -0.98165935 -0.04187344 3 -0.10713616 -0.06262441 0.99227023
3 0.97322154 0.21436606 -0.082988031 3 -0.22575751 0.82337284 -0.52066374 3 -0.043282494 0.52545637 0.84971899
3 0.97322154 0.21436606 -0.082988031 3 -0.22575751 0.82337284 -0.52066374 3 -0.043282494 0.52545637 0.84971899
3 -0.96464288 0.098490208 -0.24446632 3 -0.16233402 -0.95275778 0.25671044 3 -0.20763372 0.28731909 0.93505937
3 -0.96464288 0.098490208 -0.24446632 3 -0.16233402 -0.95275778 0.25671044 3 -0.20763372 0.28731909 0.93505937
3 -0.62433165 0.77367592 0.10786933 3 0.76113963 0.57144076 0.30679363 3 0.17571783 0.27364457 -0.94564372
3 -0.62433165 0.77367592 0.10786933 3 0.76113963 0.57144076 0.30679363 3 0.17571783 0.27364457 -0.94564372
3 -0.89650553 0.26328796 -0.35631073 3 -0.31067383 -0.94697899 0.081930272 3 -0.31584749 0.18414734 0.93076855
3 -0.89650553 0.26328796 -0.35631073 3 -0.31067383 -0.94697899 0.081930272 3 -0.31584749 0.18414734 0.93076855
3 -0.22808142 0.84759247 -0.4791303 3 0.94516867 0.31088546 0.10003286 3 0.23374173 -0.43004325 -0.87202507
3 -0.22808142 0.84759247 -0.4791303 3 0.94516867 0.31088546 0.10003286 3 0.23374173 -0.43004325 -0.87202507
3 -0.89356059 -0.39444155 -0.21439578 3 0.33495933 -0.90372592 0.26661232 3 -0.2989178 0.16642042 0.93965554
3 -0.89356059 -0.39444155 -0.21439578 3 0.33495933 -0.90372592 0.26661232 3 -0.2989178 0.16642042 0.93965554
3 -0.9073261 0.14787741 -0.39356276 3 0.23587514 0.95394254 -0.18535577 3 0.34802634 -0.26100978 -0.90041751
3 -0.9073261 0.14787741 -0.39356276 3 0.23587514 0.95394254 -0.18535577 3 0.34802634 -0.26100978 -0.90041751
3 -0.34815761 0.88830131 -0.29951128 3 0.8845672 0.4170835 0.20876354 3 0.31036615 -0.19225524 -0.93097305
3 -0.34815761 0.88830131 -0.29951128 3 0.8845672 0.4170835 0.20876354 3 0.31036615 -0.19225524 -0.93097305
3 0.0087481104 0.90761036 -0.41972259 3 -0.95476246 -0.11718713 -0.27330583 3 -0.29724124 0.40312639 0.86552691
3 0.0087481104 0.90761036 -0.41972259 3 -0.95476246 -0.11718713 -0.27330583 3 -0.29724124 0.40312639 0.86552691
3 0.91913974 0.28559086 0.27133045 3 -0.21355347 0.94001931 -0.26600558 3 -0.33102471 0.18655264 0.92499775
3 0.91913974 0.28559086 0.27133045 3 -0.21355347 0.94001931 -0.26600558 3 -0.33102471 0.18655264 0.92499775
3 0.80748242 0.54608262 0.22308294 3 0.47540089 -0.82632393 0.30196515 3 0.34923655 -0.13777779 -0.9268502
3 0.80748242 0.54608262 0.22308294 3 0.47540089 -0.82632393 0.30196515 3 0.34923655 -0.13777779 -0.9268502
3 -0.51373225 0.8521409 0.099674933 3 -0.85229594 -0.49357384 -0.17313758 3 -0.098340698 -0.17389885 0.97984099
3 -0.51373225 0.8521409 0.099674933 3 -0.85229594 -0.49357384 -0.17313758 3 -0.098340698 -0.17389885 0.97984099
3 -0.90626907 -0.32460392 -0.27075562 3 -0.21019897 0.90180337 -0.37758061 3 0.36673251 -0.28527707 -0.88550794
3 -0.90626907 -0.32460392 -0.27075562 3 -0.21019897 0.90180337 -0.37758061 3 0.36673251 -0.28527707 -0.88550794
3 -0.53855133 0.84089339 -0.053486589 3 -0.82187849 -0.53824103 -0.18658125 3 -0.18568374 -0.056523904 0.98098254
3 -0.53855133 0.84089339 -0.053486589 3 -0.82187849 -0.53824103 -0.18658125 3 -0.18568374 -0.056523904 0.98098254
3 -0.46759182 0.72072059 -0.51178098 3 -0.80173677 -0.58961761 -0.097823009 3 -0.37225807 0.36457238 0.85352856
3 -0.46759182 0.72072059 -0.51178098 3 -0.80173677 -0.58961761 -0.097823009 3 -0.37225807 0.36457238 0.85352856
3 -0.22031786 -0.96428001 0.14705151 3 -0.90706682 0.14709216 -0.39445356 3 0.35873353 -0.22029071 -0.90707344
3 -0.22031786 -0.96428001 0.14705151 3 -0.90706682 0.14709216 -0.39445356 3 0.35873353 -0.22029071 -0.90707344
3 -0.49343285 0.72592497 -0.47912112 3 -0.78905964 -0.60535401 -0.10455321 3 -0.36593559 0.32646504 0.87149966
3 -0.49343285 0.72592497 -0.47912112 3 -0.78905964 -0.60535401 -0.10455321 3 -0.36593559 0.32646504 0.87149966
3 -0.026312226 0.97274446 -0.23038253 3 0.90594393 0.1206262 0.40585133 3 0.42257971 -0.19803472 -0.8844257
3 -0.026312226 0.97274446 -0.23038253 3 0.90594393 0.1206262 0.40585133 3 0.42257971 -0.19803472 -0.8844257
3 0.05035704 -0.93087739 0.36184457 3 -0.88420367 -0.21001381 -0.41722673 3 0.46437925 -0.29893407 -0.83366084
3 0.05035704 -0.93087739 0.36184457 3 -0.88420367 -0.21001381 -0.41722673 3 0.46437925 -0.29893407 -0.83366084
3 -0.059739668 0.97854215 -0.19719695 3 -0.93932122 -0.12195851 -0.32062766 3 -0.33779746 0.16607712 0.92645097
3 -0.059739668 0.97854215 -0.19719695 3 -0.93932122 -0.12195851 -0.32062766 3 -0.33779746 0.16607712 0.92645097
3 -0.0053811958 -0.97544503 0.22017717 3 -0.92804956 -0.077128761 -0.36438325 3 0.37241787 -0.2062961 -0.90484631
3 -0.0053811958 -0.97544503 0.22017717 3 -0.92804956 -0.077128761 -0.36438325 3 0.37241787 -0.2062961 -0.90484631
3 0.056736518 -0.92679155 0.37126625 3 0.92574608 0.18808755 0.32805118 3 -0.37386554 0.32508573 0.86864489
3 0.056736518 -0.92679155 0.37126625 3 0.92574608 0.18808755 0.32805118 3 -0.37386554 0.32508573 0.86864489
3 -0.57372481 0.7986964 -0.18144949 3 -0.80816168 -0.58803272 -0.033051625 3 -0.13309646 0.12767801 0.98284471
3 -0.57372481 0.7986964 -0.18144949 3 -0.80816168 -0.58803272 -0.033051625 3 -0.13309646 0.12767801 0.98284471
3 0.44003689 0.88830197 -0.13148135 3 0.71138954 -0.25549328 0.65471232 3 0.54798955 -0.38163197 -0.74435502
3 0.44003689 0.88830197 -0.13148135 3 0.71138954 -0.25549328 0.65471232 3 0.54798955 -0.38163197 -0.74435502
3 0.22165254 0.95697027 -0.18729156 3 -0.86555934 0.10462857 -0.48975509 3 -0.44908494 0.27066758 0.85150564
3 0.22165254 0.95697027 -0.18729156 3 -0.86555934 0.10462857 -0.48975509 3 -0.44908494 0.27066758 0.85150564
3 -0.082475066 0.96196777 -0.26041502 3 -0.93083972 -0.16769952 -0.32467583 3 -0.35599911 0.215627 0.90926874
3 -0.082475066 0.96196777 -0.26041502 3 -0.93083972 -0.16769952 -0.32467583 3 -0.35599911 0.215627 0.90926874
3 0.34282801 0.9230175 -0.17466484 3 -0.75295955 0.15881827 -0.63861489 3 -0.56171268 0.35045058 0.74944204
3 0.34282801 0.9230175 -0.17466484 3 -0.75295955 0.15881827 -0.63861489 3 -0.56171268 0.35045058 0.74944204
0 0 0 1 0 0 0 1 0 0 0 1 0 0 0 0 0 354 1 0 0
