ply
format ascii 1.0
comment PCL generated
element vertex 414
property list uint float x_axis
property list uint float y_axis
property list uint float z_axis
element camera 1
property float view_px
property float view_py
property float view_pz
property float x_axisx
property float x_axisy
property float x_axisz
property float y_axisx
property float y_axisy
property float y_axisz
property float z_axisx
property float z_axisy
property float z_axisz
property float focal
property float scalex
property float scaley
property float centerx
property float centery
property int viewportx
property int viewporty
property float k1
property float k2
end_header
3 -0.035987247 0.90455222 -0.42484158 3 -0.8693645 0.18132225 0.45970422 3 0.4928596 0.38588566 0.77986014
3 -0.035987247 0.90455222 -0.42484158 3 -0.8693645 0.18132225 0.45970422 3 0.4928596 0.38588566 0.77986014
3 -0.12365513 -0.98093098 -0.14994594 3 0.8633157 -0.031838924 -0.50365901 3 0.48928058 -0.19173083 0.85079014
3 -0.12365513 -0.98093098 -0.14994594 3 0.8633157 -0.031838924 -0.50365901 3 0.48928058 -0.19173083 0.85079014
3 -0.044220202 -0.99821496 -0.040144935 3 0.81513619 -0.012819333 -0.57912755 3 0.57757902 -0.058332805 0.81424791
3 -0.044220202 -0.99821496 -0.040144935 3 0.81513619 -0.012819333 -0.57912755 3 0.57757902 -0.058332805 0.81424791
3 0.05280045 0.93540591 -0.34961134 3 -0.83276409 0.23445614 0.5015322 3 0.55110461 0.26466259 0.79135168
3 0.05280045 0.93540591 -0.34961134 3 -0.83276409 0.23445614 0.5015322 3 0.55110461 0.26466259 0.79135168
3 0.11756889 -0.82591778 -0.55139601 3 -0.75191849 -0.43673369 0.49384454 3 -0.64868808 0.35654411 -0.672369
3 0.11756889 -0.82591778 -0.55139601 3 -0.75191849 -0.43673369 0.49384454 3 -0.64868808 0.35654411 -0.672369
3 -0.38737714 -0.9205333 0.05057089 3 -0.69590628 0.32794774 0.63887775 3 -0.60469282 0.21229422 -0.76764435
3 -0.38737714 -0.9205333 0.05057089 3 -0.69590628 0.32794774 0.63887775 3 -0.60469282 0.21229422 -0.76764435
3 0.1660517 -0.71810973 -0.67582941 3 -0.76425368 -0.52681607 0.3719964 3 -0.62317199 0.45473462 -0.63629639
3 0.1660517 -0.71810973 -0.67582941 3 -0.76425368 -0.52681607 0.3719964 3 -0.62317199 0.45473462 -0.63629639
3 -0.42122278 -0.90160221 0.098411769 3 0.64555538 -0.37426421 -0.6657213 3 0.63704771 -0.21688671 0.73968273
3 -0.42122278 -0.90160221 0.098411769 3 0.64555538 -0.37426421 -0.6657213 3 0.63704771 -0.21688671 0.73968273
3 0.026158465 -0.93510914 -0.35339329 3 -0.77272403 -0.24319108 0.58630693 3 -0.63420296 0.25773847 -0.72894269
3 0.026158465 -0.93510914 -0.35339329 3 -0.77272403 -0.24319108 0.58630693 3 -0.63420296 0.25773847 -0.72894269
3 0.056751247 -0.90742218 -0.41637033 3 -0.7789256 -0.30112371 0.55009037 3 -0.62454319 0.29310325 -0.72390354
3 0.056751247 -0.90742218 -0.41637033 3 -0.7789256 -0.30112371 0.55009037 3 -0.62454319 0.29310325 -0.72390354
3 0.45358518 0.6744771 -0.58252996 3 -0.76251256 0.63206249 0.13809983 3 0.46134043 0.38154623 0.80099154
3 0.45358518 0.6744771 -0.58252996 3 -0.76251256 0.63206249 0.13809983 3 0.46134043 0.38154623 0.80099154
3 -0.41295671 -0.90422457 0.10883363 3 0.61474007 -0.36491123 -0.69923848 3 0.67198318 -0.22185077 0.70655555
3 -0.41295671 -0.90422457 0.10883363 3 0.61474007 -0.36491123 -0.69923848 3 0.67198318 -0.22185077 0.70655555
3 0.77259833 0.19058987 -0.60561335 3 -0.199498 0.97844142 0.053415608 3 0.60273761 0.079549842 0.79396427
3 0.77259833 0.19058987 -0.60561335 3 -0.199498 0.97844142 0.053415608 3 0.60273761 0.079549842 0.79396427
3 0.65663743 0.47621188 -0.58485001 3 -0.58172852 0.81333196 0.009119615 3 0.48002017 0.33423573 0.81109011
3 0.65663743 0.47621188 -0.58485001 3 -0.58172852 0.81333196 0.009119615 3 0.48002017 0.33423573 0.81109011
3 -0.58784968 0.11450969 0.80082482 3 -0.37062564 -0.91804987 -0.14078802 3 0.71907562 -0.3795684 0.58211529
3 -0.58784968 0.11450969 0.80082482 3 -0.37062564 -0.91804987 -0.14078802 3 0.71907562 -0.3795684 0.58211529
3 0.40467924 0.91346478 -0.042623755 3 -0.68059319 0.3319895 0.65312797 3 0.61075997 -0.2352981 0.75604719
3 0.40467924 0.91346478 -0.042623755 3 -0.68059319 0.3319895 0.65312797 3 0.61075997 -0.2352981 0.75604719
3 -0.77629745 0.56447792 -0.28058329 3 -0.60429323 -0.53970969 0.58612573 3 0.17942153 0.62456244 0.7600854
3 -0.77629745 0.56447792 -0.28058329 3 -0.60429323 -0.53970969 0.58612573 3 0.17942153 0.62456244 0.7600854
3 -0.56559432 -0.72262567 0.39738539 3 -0.4351463 0.67082882 0.60053003 3 -0.70053589 0.16673574 -0.693865
3 -0.56559432 -0.72262567 0.39738539 3 -0.4351463 0.67082882 0.60053003 3 -0.70053589 0.16673574 -0.693865
3 -0.22927693 -0.97312635 0.021381781 3 0.70081693 -0.18028338 -0.6901837 3 0.67549074 -0.14325833 0.72331828
3 -0.22927693 -0.97312635 0.021381781 3 0.70081693 -0.18028338 -0.6901837 3 0.67549074 -0.14325833 0.72331828
3 0.37291169 0.69418609 -0.6156643 3 -0.89808083 0.43681073 -0.051451564 3 0.2332118 0.57210314 0.78632712
3 0.37291169 0.69418609 -0.6156643 3 -0.89808083 0.43681073 -0.051451564 3 0.2332118 0.57210314 0.78632712
3 0.65818739 0.46303323 -0.59362417 3 -0.55452442 0.83148366 0.033731088 3 0.50920737 0.30697769 0.80403525
3 0.65818739 0.46303323 -0.59362417 3 -0.55452442 0.83148366 0.033731088 3 0.50920737 0.30697769 0.80403525
3 -0.60671663 0.11731609 0.78621358 3 0.32696488 0.93834019 0.11230107 3 -0.72456104 0.32519916 -0.60766506
3 -0.60671663 0.11731609 0.78621358 3 0.32696488 0.93834019 0.11230107 3 -0.72456104 0.32519916 -0.60766506
3 -0.58563298 -0.65923429 0.47163993 3 -0.34066251 0.72814775 0.59476888 3 -0.73551548 0.18764633 -0.65100378
3 -0.58563298 -0.65923429 0.47163993 3 -0.34066251 0.72814775 0.59476888 3 -0.73551548 0.18764633 -0.65100378
3 -0.66583192 -0.47860247 0.57237011 3 -0.21606053 0.85796237 0.46606714 3 -0.71413302 0.18665567 -0.67466569
3 -0.66583192 -0.47860247 0.57237011 3 -0.21606053 0.85796237 0.46606714 3 -0.71413302 0.18665567 -0.67466569
3 0.50171423 0.85954583 -0.097282946 3 -0.60012764 0.42685747 0.67649066 3 0.62300056 -0.28102276 0.72999758
3 0.50171423 0.85954583 -0.097282946 3 -0.60012764 0.42685747 0.67649066 3 0.62300056 -0.28102276 0.72999758
3 -0.76910764 0.47358504 -0.42917451 3 -0.63324273 -0.47381249 0.61196858 3 0.086470984 0.74244124 0.66430706
3 -0.76910764 0.47358504 -0.42917451 3 -0.63324273 -0.47381249 0.61196858 3 0.086470984 0.74244124 0.66430706
3 0.64381409 0.41840082 -0.64065915 3 -0.13182811 0.88539469 0.44575506 3 0.75374055 -0.20252649 0.6251865
3 0.64381409 0.41840082 -0.64065915 3 -0.13182811 0.88539469 0.44575506 3 0.75374055 -0.20252649 0.6251865
3 -0.61297041 -0.18895026 0.76718003 3 0.14932363 0.92578125 0.3473208 3 -0.7758671 0.32745543 -0.53926176
3 -0.61297041 -0.18895026 0.76718003 3 0.14932363 0.92578125 0.3473208 3 -0.7758671 0.32745543 -0.53926176
3 -0.59577674 -0.366842 0.71447682 3 0.029776365 0.87889278 0.47608939 3 -0.802598 0.30491748 -0.51270062
3 -0.59577674 -0.366842 0.71447682 3 0.029776365 0.87889278 0.47608939 3 -0.802598 0.30491748 -0.51270062
3 0.65035617 -0.25376886 -0.71598768 3 0.38625345 0.92207968 0.024032816 3 0.65409887 -0.29218256 0.69769919
3 0.65035617 -0.25376886 -0.71598768 3 0.38625345 0.92207968 0.024032816 3 0.65409887 -0.29218256 0.69769919
3 0.42975107 0.9016521 0.048348263 3 -0.72169012 0.31081057 0.61851454 3 0.54265773 -0.30069983 0.78428459
3 0.42975107 0.9016521 0.048348263 3 -0.72169012 0.31081057 0.61851454 3 0.54265773 -0.30069983 0.78428459
3 -0.62870556 -0.52011579 0.57810795 3 0.53414625 -0.82912296 -0.16505429 3 0.56516993 0.20502366 0.79909217
3 -0.62870556 -0.52011579 0.57810795 3 0.53414625 -0.82912296 -0.16505429 3 0.56516993 0.20502366 0.79909217
3 0.31288961 -0.75382996 -0.57778931 3 -0.59895915 -0.62872708 0.49593377 3 -0.73712152 0.19089974 -0.64823544
3 0.31288961 -0.75382996 -0.57778931 3 -0.59895915 -0.62872708 0.49593377 3 -0.73712152 0.19089974 -0.64823544
3 0.61649728 0.53543174 -0.57727289 3 -0.17225055 0.80713534 0.56467897 3 0.76828438 -0.24868745 0.58982509
3 0.61649728 0.53543174 -0.57727289 3 -0.17225055 0.80713534 0.56467897 3 0.76828438 -0.24868745 0.58982509
3 0.5384165 -0.54248124 -0.64484251 3 0.63365012 0.76508933 -0.11456895 3 0.55551356 -0.34691867 0.75567997
3 0.5384165 -0.54248124 -0.64484251 3 0.63365012 0.76508933 -0.11456895 3 0.55551356 -0.34691867 0.75567997
3 -0.49527577 -0.86836576 -0.025357723 3 0.7330299 -0.4020651 -0.5486449 3 0.46622896 -0.29031834 0.83567101
3 -0.49527577 -0.86836576 -0.025357723 3 0.7330299 -0.4020651 -0.5486449 3 0.46622896 -0.29031834 0.83567101
3 0.59309554 0.4125683 -0.69139355 3 0.035210893 -0.87120271 -0.48965916 3 -0.80436182 0.26607007 -0.53123331
3 0.59309554 0.4125683 -0.69139355 3 0.035210893 -0.87120271 -0.48965916 3 -0.80436182 0.26607007 -0.53123331
3 0.62142527 -0.13016486 -0.77258509 3 0.31018782 0.94640106 0.090048835 3 0.71945411 -0.29560509 0.62849313
3 0.62142527 -0.13016486 -0.77258509 3 0.31018782 0.94640106 0.090048835 3 0.71945411 -0.29560509 0.62849313
3 -0.80686045 0.36161277 -0.46713215 3 -0.57641649 -0.6550163 0.48856711 3 -0.12930699 0.66346812 0.73694634
3 -0.80686045 0.36161277 -0.46713215 3 -0.57641649 -0.6550163 0.48856711 3 -0.12930699 0.66346812 0.73694634
3 0.51081872 -0.60670698 -0.60907376 3 0.70341885 0.70227438 -0.10960123 3 0.49423277 -0.37244764 0.78550404
3 0.51081872 -0.60670698 -0.60907376 3 0.70341885 0.70227438 -0.10960123 3 0.49423277 -0.37244764 0.78550404
3 0.4727416 0.87873292 0.065908305 3 -0.73833501 0.3541609 0.57396126 3 0.48101646 -0.31999782 0.81622583
3 0.4727416 0.87873292 0.065908305 3 -0.73833501 0.3541609 0.57396126 3 0.48101646 -0.31999782 0.81622583
3 -0.37696403 0.64928222 -0.6605534 3 -0.92017645 -0.34391308 0.18708067 3 -0.10570482 0.67834836 0.72709697
3 -0.37696403 0.64928222 -0.6605534 3 -0.92017645 -0.34391308 0.18708067 3 -0.10570482 0.67834836 0.72709697
3 0.046445888 0.91006911 0.4118461 3 -0.70612299 -0.26171327 0.65794885 3 0.70656437 -0.32137293 0.63046515
3 0.046445888 0.91006911 0.4118461 3 -0.70612299 -0.26171327 0.65794885 3 0.70656437 -0.32137293 0.63046515
3 0.79216635 0.56937367 -0.21974105 3 -0.40456727 0.75947851 0.5094291 3 0.45694405 -0.31465253 0.83198321
3 0.79216635 0.56937367 -0.21974105 3 -0.40456727 0.75947851 0.5094291 3 0.45694405 -0.31465253 0.83198321
3 0.33995488 -0.65588981 -0.67397285 3 0.73505843 0.6323415 -0.24460874 3 0.58661729 -0.41225338 0.69708484
3 0.33995488 -0.65588981 -0.67397285 3 0.73505843 0.6323415 -0.24460874 3 0.58661729 -0.41225338 0.69708484
3 0.88425708 0.33318514 -0.3272264 3 -0.15189777 0.86779857 0.47313082 3 0.44160676 -0.36866429 0.81796706
3 0.88425708 0.33318514 -0.3272264 3 -0.15189777 0.86779857 0.47313082 3 0.44160676 -0.36866429 0.81796706
3 0.058602311 0.7053144 -0.70646828 3 -0.98718327 0.14617506 0.06404838 3 0.14844228 0.69366026 0.70484072
3 0.058602311 0.7053144 -0.70646828 3 -0.98718327 0.14617506 0.06404838 3 0.14844228 0.69366026 0.70484072
3 0.47565365 0.85294479 -0.21503243 3 -0.60913885 0.49575043 0.61901653 3 0.63458925 -0.16345276 0.75536722
3 0.47565365 0.85294479 -0.21503243 3 -0.60913885 0.49575043 0.61901653 3 0.63458925 -0.16345276 0.75536722
3 -0.71448952 0.38562515 -0.58377904 3 -0.65300882 -0.66709411 0.35855976 3 -0.25116581 0.63739997 0.72844845
3 -0.71448952 0.38562515 -0.58377904 3 -0.65300882 -0.66709411 0.35855976 3 -0.25116581 0.63739997 0.72844845
3 -0.60494816 0.45964655 -0.65020216 3 0.7692818 0.54814637 -0.3282395 3 0.2055317 -0.69875646 -0.68519789
3 -0.60494816 0.45964655 -0.65020216 3 0.7692818 0.54814637 -0.3282395 3 0.2055317 -0.69875646 -0.68519789
3 -0.68580675 -0.53453928 0.49389973 3 0.55853987 -0.82164901 -0.11369364 3 0.46658608 0.19789094 0.86205375
3 -0.68580675 -0.53453928 0.49389973 3 0.55853987 -0.82164901 -0.11369364 3 0.46658608 0.19789094 0.86205375
3 -0.11614462 0.76333141 0.63548076 3 -0.77272111 -0.47142497 0.42504209 3 0.62402934 -0.44168293 0.64459562
3 -0.11614462 0.76333141 0.63548076 3 -0.77272111 -0.47142497 0.42504209 3 0.62402934 -0.44168293 0.64459562
3 -0.90795201 -0.35397762 0.22432762 3 0.19789511 -0.8340041 -0.51504815 3 0.36940572 -0.42324573 0.82728624
3 -0.90795201 -0.35397762 0.22432762 3 0.19789511 -0.8340041 -0.51504815 3 0.36940572 -0.42324573 0.82728624
3 0.55280733 0.77175081 -0.3143321 3 -0.63311487 0.63423753 0.44374347 3 0.5418207 -0.046296205 0.83921808
3 0.55280733 0.77175081 -0.3143321 3 -0.63311487 0.63423753 0.44374347 3 0.5418207 -0.046296205 0.83921808
3 -0.081083573 -0.94582772 -0.31438112 3 0.79906118 0.12684792 -0.5877167 3 0.59575725 -0.29886401 0.74548882
3 -0.081083573 -0.94582772 -0.31438112 3 0.79906118 0.12684792 -0.5877167 3 0.59575725 -0.29886401 0.74548882
3 0.13891688 -0.79322362 -0.59287322 3 0.73655522 0.48293957 -0.47355676 3 0.66195816 -0.37089872 0.65134132
3 0.13891688 -0.79322362 -0.59287322 3 0.73655522 0.48293957 -0.47355676 3 0.66195816 -0.37089872 0.65134132
3 0.32370636 -0.65357876 -0.6841411 3 0.78897846 0.58556181 -0.18609238 3 0.52223289 -0.47953326 0.70520967
3 0.32370636 -0.65357876 -0.6841411 3 0.78897846 0.58556181 -0.18609238 3 0.52223289 -0.47953326 0.70520967
3 0.89039212 0.051108062 -0.45231605 3 0.10566191 0.94332981 0.31458601 3 0.44276103 -0.32789749 0.83453333
3 0.89039212 0.051108062 -0.45231605 3 0.10566191 0.94332981 0.31458601 3 0.44276103 -0.32789749 0.83453333
3 0.20185131 0.66087741 -0.72283965 3 0.96937346 -0.24022458 0.051062934 3 -0.13989753 -0.71100873 -0.68912661
3 0.20185131 0.66087741 -0.72283965 3 0.96937346 -0.24022458 0.051062934 3 -0.13989753 -0.71100873 -0.68912661
3 0.43404105 0.86325413 0.25768349 3 0.6656217 -0.11454247 -0.7374469 3 -0.60708833 0.49160185 -0.62431675
3 0.43404105 0.86325413 0.25768349 3 0.6656217 -0.11454247 -0.7374469 3 -0.60708833 0.49160185 -0.62431675
3 -0.65092319 0.32851526 -0.68438065 3 -0.62985969 -0.73695064 0.24531774 3 -0.4237642 0.59074676 0.68661654
3 -0.65092319 0.32851526 -0.68438065 3 -0.62985969 -0.73695064 0.24531774 3 -0.4237642 0.59074676 0.68661654
3 0.88230091 0.084581412 -0.46302393 3 -0.099369474 -0.92807758 -0.35888404 3 -0.46007702 0.36265412 -0.81043887
3 0.88230091 0.084581412 -0.46302393 3 -0.099369474 -0.92807758 -0.35888404 3 -0.46007702 0.36265412 -0.81043887
3 0.68951929 0.66562194 -0.28550094 3 -0.631078 0.74558008 0.21412899 3 0.35539272 0.032527313 0.93415105
3 0.68951929 0.66562194 -0.28550094 3 -0.631078 0.74558008 0.21412899 3 0.35539272 0.032527313 0.93415105
3 0.9020595 0.36314517 -0.2332686 3 -0.18253532 0.81072617 0.55624104 3 0.39111325 -0.45918277 0.79761004
3 0.9020595 0.36314517 -0.2332686 3 -0.18253532 0.81072617 0.55624104 3 0.39111325 -0.45918277 0.79761004
3 0.62457472 -0.26117295 -0.73599935 3 0.55996382 0.80668771 0.18893255 3 0.54437751 -0.53013551 0.65008432
3 0.62457472 -0.26117295 -0.73599935 3 0.55996382 0.80668771 0.18893255 3 0.54437751 -0.53013551 0.65008432
3 0.7984426 -0.10221072 -0.59333158 3 -0.33183303 -0.89700019 -0.29202324 3 -0.50237048 0.43005079 -0.75012016
3 0.7984426 -0.10221072 -0.59333158 3 -0.33183303 -0.89700019 -0.29202324 3 -0.50237048 0.43005079 -0.75012016
3 0.89573497 0.21930996 0.38673249 3 -0.073983237 -0.78420931 0.61606997 3 0.43838951 -0.58044714 -0.68621844
3 0.89573497 0.21930996 0.38673249 3 -0.073983237 -0.78420931 0.61606997 3 0.43838951 -0.58044714 -0.68621844
3 0.10032781 0.98959368 0.10314422 3 -0.97146916 0.075040728 0.22498156 3 0.21490031 -0.12277324 0.96888834
3 0.10032781 0.98959368 0.10314422 3 -0.97146916 0.075040728 0.22498156 3 0.21490031 -0.12277324 0.96888834
3 0.20637602 0.95438939 0.21575432 3 -0.92352581 0.11714088 0.3652097 3 0.32327861 -0.27462515 0.90557826
3 0.20637602 0.95438939 0.21575432 3 -0.92352581 0.11714088 0.3652097 3 0.32327861 -0.27462515 0.90557826
3 0.40255573 0.90734202 0.12115903 3 -0.79620934 0.28175572 0.53541064 3 0.45166317 -0.31200075 0.83585644
3 0.40255573 0.90734202 0.12115903 3 -0.79620934 0.28175572 0.53541064 3 0.45166317 -0.31200075 0.83585644
3 -0.86662376 -0.3549493 0.35067704 3 0.4265272 -0.89169413 0.15151376 3 0.25891697 0.28087869 0.92415869
3 -0.86662376 -0.3549493 0.35067704 3 0.4265272 -0.89169413 0.15151376 3 0.25891697 0.28087869 0.92415869
3 0.40672514 -0.58801973 -0.69914776 3 0.75895464 0.64346957 -0.099674031 3 0.5084905 -0.49008137 0.70799553
3 0.40672514 -0.58801973 -0.69914776 3 0.75895464 0.64346957 -0.099674031 3 0.5084905 -0.49008137 0.70799553
3 -0.76401359 -0.62421316 0.16322145 3 -0.40221888 0.65859866 0.63597798 3 -0.50448328 0.42024493 -0.75424856
3 -0.76401359 -0.62421316 0.16322145 3 -0.40221888 0.65859866 0.63597798 3 -0.50448328 0.42024493 -0.75424856
3 0.82864147 0.54965979 -0.10595934 3 -0.3354339 0.63910598 0.69211835 3 0.44814903 -0.53797555 0.71396422
3 0.82864147 0.54965979 -0.10595934 3 -0.3354339 0.63910598 0.69211835 3 0.44814903 -0.53797555 0.71396422
3 0.021747261 0.78637034 0.61737257 3 -0.93271673 -0.20637244 0.29571965 3 0.35995379 -0.58226484 0.72897255
3 0.021747261 0.78637034 0.61737257 3 -0.93271673 -0.20637244 0.29571965 3 0.35995379 -0.58226484 0.72897255
3 0.17288679 0.95837021 0.22723721 3 -0.97739375 0.1384259 0.15981194 3 0.12170348 -0.24972965 0.96063703
3 0.17288679 0.95837021 0.22723721 3 -0.97739375 0.1384259 0.15981194 3 0.12170348 -0.24972965 0.96063703
3 0.73647791 -0.15660454 -0.65808457 3 -0.44876483 -0.84104598 -0.30207938 3 -0.5061723 0.51779997 -0.68969041
3 0.73647791 -0.15660454 -0.65808457 3 -0.44876483 -0.84104598 -0.30207938 3 -0.5061723 0.51779997 -0.68969041
3 0.67846906 -0.25329027 -0.68958229 3 -0.43887305 -0.89251351 -0.10397133 3 -0.58912665 0.37318045 -0.71670508
3 0.67846906 -0.25329027 -0.68958229 3 -0.43887305 -0.89251351 -0.10397133 3 -0.58912665 0.37318045 -0.71670508
3 -0.13570389 -0.96319741 -0.23202436 3 0.98941833 -0.11961662 -0.082118526 3 0.051342372 -0.24071296 0.96923751
3 -0.13570389 -0.96319741 -0.23202436 3 0.98941833 -0.11961662 -0.082118526 3 0.051342372 -0.24071296 0.96923751
3 0.746773 0.65289629 -0.1267148 3 -0.38562974 0.58029562 0.71731925 3 0.5418672 -0.48680952 0.68512523
3 0.746773 0.65289629 -0.1267148 3 -0.38562974 0.58029562 0.71731925 3 0.5418672 -0.48680952 0.68512523
3 -0.90752244 -0.41897941 -0.029316999 3 -0.3044998 0.7044189 -0.64115077 3 0.28928041 -0.57293153 -0.76685494
3 -0.90752244 -0.41897941 -0.029316999 3 -0.3044998 0.7044189 -0.64115077 3 0.28928041 -0.57293153 -0.76685494
3 -0.98411751 0.16315663 0.069948159 3 -0.16729291 -0.98419964 -0.058002882 3 0.059379429 -0.068783484 0.99586296
3 -0.98411751 0.16315663 0.069948159 3 -0.16729291 -0.98419964 -0.058002882 3 0.059379429 -0.068783484 0.99586296
3 0.30805093 0.87588531 0.37138867 3 -0.93496156 0.20652875 0.28843176 3 0.17593081 -0.43608552 0.88254058
3 0.30805093 0.87588531 0.37138867 3 -0.93496156 0.20652875 0.28843176 3 0.17593081 -0.43608552 0.88254058
3 -0.31756806 -0.90702218 -0.2765168 3 0.81815624 -0.11468153 -0.5634436 3 0.47934437 -0.40516543 0.77850491
3 -0.31756806 -0.90702218 -0.2765168 3 0.81815624 -0.11468153 -0.5634436 3 0.47934437 -0.40516543 0.77850491
3 0.25965288 0.94918388 0.17784975 3 -0.96563315 0.25739413 0.036070149 3 -0.011540287 -0.18110333 0.98339641
3 0.25965288 0.94918388 0.17784975 3 -0.96563315 0.25739413 0.036070149 3 -0.011540287 -0.18110333 0.98339641
3 0.53199393 0.7977041 0.2839908 3 0.64801741 -0.16767278 -0.74293983 3 -0.54502857 0.57927024 -0.60612702
3 0.53199393 0.7977041 0.2839908 3 0.64801741 -0.16767278 -0.74293983 3 -0.54502857 0.57927024 -0.60612702
3 0.69209278 0.71608478 0.090720624 3 0.43229878 -0.31056404 -0.84656239 3 -0.57803589 0.62511808 -0.52450168
3 0.69209278 0.71608478 0.090720624 3 0.43229878 -0.31056404 -0.84656239 3 -0.57803589 0.62511808 -0.52450168
3 -0.99748027 -0.062108647 0.034289945 3 0.061279144 -0.99781424 -0.024734793 3 0.035751216 -0.022571208 0.99910581
3 -0.99748027 -0.062108647 0.034289945 3 0.061279144 -0.99781424 -0.024734793 3 0.035751216 -0.022571208 0.99910581
3 -0.43591383 -0.8895452 -0.13670652 3 0.76133275 -0.28347141 -0.58310944 3 0.47994971 -0.35826454 0.80080885
3 -0.43591383 -0.8895452 -0.13670652 3 0.76133275 -0.28347141 -0.58310944 3 0.47994971 -0.35826454 0.80080885
3 -0.89847243 0.28802291 0.33134624 3 0.41516683 0.80283439 0.42789456 3 -0.14277264 0.52201527 -0.84090191
3 -0.89847243 0.28802291 0.33134624 3 0.41516683 0.80283439 0.42789456 3 -0.14277264 0.52201527 -0.84090191
3 0.29913431 -0.71293724 -0.63422334 3 0.82809794 0.52419555 -0.19867772 3 0.47410178 -0.46576774 0.7471866
3 0.29913431 -0.71293724 -0.63422334 3 0.82809794 0.52419555 -0.19867772 3 0.47410178 -0.46576774 0.7471866
3 -0.97544259 -0.07917358 -0.20553209 3 -0.12051243 0.97293687 0.19715689 3 0.18436015 0.21708436 -0.95858532
3 -0.97544259 -0.07917358 -0.20553209 3 -0.12051243 0.97293687 0.19715689 3 0.18436015 0.21708436 -0.95858532
3 -0.92440712 -0.27634704 0.26287645 3 0.37671769 -0.76929086 0.51601899 3 0.059628163 0.5760417 0.81524259
3 -0.92440712 -0.27634704 0.26287645 3 0.37671769 -0.76929086 0.51601899 3 0.059628163 0.5760417 0.81524259
3 -0.94200611 -0.22090904 0.25263363 3 0.3302469 -0.7440697 0.58077335 3 0.059678938 0.63052344 0.77387261
3 -0.94200611 -0.22090904 0.25263363 3 0.3302469 -0.7440697 0.58077335 3 0.059678938 0.63052344 0.77387261
3 -0.0047252094 0.95415509 0.29927546 3 -0.98201674 0.052057419 -0.18147525 3 -0.18873502 -0.29475108 0.93675017
3 -0.0047252094 0.95415509 0.29927546 3 -0.98201674 0.052057419 -0.18147525 3 -0.18873502 -0.29475108 0.93675017
3 0.97260028 -0.082784317 0.21724536 3 -0.047899242 -0.98575979 -0.16119395 3 0.22749613 0.14637136 -0.96271545
3 0.97260028 -0.082784317 0.21724536 3 -0.047899242 -0.98575979 -0.16119395 3 0.22749613 0.14637136 -0.96271545
3 0.79617071 0.49569046 0.34699175 3 -0.59821105 0.73096353 0.32838383 3 -0.090861641 -0.46902385 0.87849915
3 0.79617071 0.49569046 0.34699175 3 -0.59821105 0.73096353 0.32838383 3 -0.090861641 -0.46902385 0.87849915
3 -0.62882012 -0.77475518 -0.065876216 3 0.70768303 -0.53515899 -0.46129128 3 0.32213342 -0.33668888 0.88479984
3 -0.62882012 -0.77475518 -0.065876216 3 0.70768303 -0.53515899 -0.46129128 3 0.32213342 -0.33668888 0.88479984
3 -0.39104694 -0.80805558 -0.44060019 3 0.91956615 -0.36303839 -0.15033667 3 -0.038474444 -0.4639498 0.88502556
3 -0.39104694 -0.80805558 -0.44060019 3 0.91956615 -0.36303839 -0.15033667 3 -0.038474444 -0.4639498 0.88502556
3 -0.55581963 -0.82646286 -0.089575104 3 0.80095792 -0.50356513 -0.32386518 3 0.22255567 -0.25175649 0.94185334
3 -0.55581963 -0.82646286 -0.089575104 3 0.80095792 -0.50356513 -0.32386518 3 0.22255567 -0.25175649 0.94185334
3 -0.98533547 -0.16325791 -0.049607012 3 0.16604671 -0.98437858 -0.058542434 3 -0.039274577 -0.065921016 0.9970516
3 -0.98533547 -0.16325791 -0.049607012 3 0.16604671 -0.98437858 -0.058542434 3 -0.039274577 -0.065921016 0.9970516
3 -0.99191546 -0.034266621 0.12218626 3 0.0026416145 0.95706826 0.28985053 3 -0.12687278 0.28783 -0.94924033
3 -0.99191546 -0.034266621 0.12218626 3 0.0026416145 0.95706826 0.28985053 3 -0.12687278 0.28783 -0.94924033
3 0.3477906 -0.71700782 -0.60410386 3 0.89038241 0.45442662 -0.026751727 3 0.29370201 -0.52857929 0.79645658
3 0.3477906 -0.71700782 -0.60410386 3 0.89038241 0.45442662 -0.026751727 3 0.29370201 -0.52857929 0.79645658
3 -0.80983782 -0.58341962 -0.061515905 3 0.48021191 -0.59901416 -0.64076406 3 0.33698544 -0.54845566 0.7652694
3 -0.80983782 -0.58341962 -0.061515905 3 0.48021191 -0.59901416 -0.64076406 3 0.33698544 -0.54845566 0.7652694
3 -0.88619035 -0.11631458 0.44848382 3 -0.14727998 -0.84704834 -0.51070327 3 0.43928957 -0.51863295 0.7335152
3 -0.88619035 -0.11631458 0.44848382 3 -0.14727998 -0.84704834 -0.51070327 3 0.43928957 -0.51863295 0.7335152
3 -0.36394647 -0.84829158 -0.38463554 3 0.9177314 -0.25605521 -0.3036527 3 0.1590981 -0.46350539 0.87169409
3 -0.36394647 -0.84829158 -0.38463554 3 0.9177314 -0.25605521 -0.3036527 3 0.1590981 -0.46350539 0.87169409
3 0.88803202 0.32170147 0.32849252 3 0.39579734 -0.89844459 -0.19011024 3 0.23397359 0.29884043 -0.92517608
3 0.88803202 0.32170147 0.32849252 3 0.39579734 -0.89844459 -0.19011024 3 0.23397359 0.29884043 -0.92517608
3 0.98000515 -0.13591276 0.14531924 3 0.10678232 0.97551835 0.19225377 3 -0.16789137 -0.17289214 0.97052604
3 0.98000515 -0.13591276 0.14531924 3 0.10678232 0.97551835 0.19225377 3 -0.16789137 -0.17289214 0.97052604
3 0.47463807 -0.82069409 -0.31808794 3 -0.87807322 -0.41650403 -0.23560967 3 0.060878523 0.39113387 -0.91831809
3 0.47463807 -0.82069409 -0.31808794 3 -0.87807322 -0.41650403 -0.23560967 3 0.060878523 0.39113387 -0.91831809
3 -0.20625356 -0.8561849 -0.47371605 3 -0.96127856 0.086869888 0.26152891 3 -0.18276545 0.50931424 -0.84094948
3 -0.20625356 -0.8561849 -0.47371605 3 -0.96127856 0.086869888 0.26152891 3 -0.18276545 0.50931424 -0.84094948
3 0.92882931 -0.054945238 -0.36641139 3 -0.24104507 -0.84065354 -0.48497355 3 -0.28137794 0.5387792 -0.7940678
3 0.92882931 -0.054945238 -0.36641139 3 -0.24104507 -0.84065354 -0.48497355 3 -0.28137794 0.5387792 -0.7940678
3 0.95927882 0.19998933 -0.19947061 3 -0.28222865 0.70727539 -0.64815784 3 0.011455962 0.67806035 0.73491693
3 0.95927882 0.19998933 -0.19947061 3 -0.28222865 0.70727539 -0.64815784 3 0.011455962 0.67806035 0.73491693
3 0.0026764933 0.93437982 0.35626847 3 -0.9767977 0.07873743 -0.19916518 3 -0.21414758 -0.34746909 0.91291076
3 0.0026764933 0.93437982 0.35626847 3 -0.9767977 0.07873743 -0.19916518 3 -0.21414758 -0.34746909 0.91291076
3 0.10270379 -0.97526342 -0.19573788 3 0.99462295 0.098052993 0.033330567 3 -0.013313398 -0.19810851 0.98008966
3 0.10270379 -0.97526342 -0.19573788 3 0.99462295 0.098052993 0.033330567 3 -0.013313398 -0.19810851 0.98008966
3 0.92919278 0.35579297 0.1000613 3 0.36959344 -0.89542145 -0.24823667 3 0.001276157 0.26764169 -0.96351779
3 0.92919278 0.35579297 0.1000613 3 0.36959344 -0.89542145 -0.24823667 3 0.001276157 0.26764169 -0.96351779
3 0.98023093 -0.046680436 0.19227171 3 -0.019313984 0.94455409 0.327788 3 -0.19691229 -0.32502142 0.92497939
3 0.98023093 -0.046680436 0.19227171 3 -0.019313984 0.94455409 0.327788 3 -0.19691229 -0.32502142 0.92497939
3 -0.75160134 -0.61119485 -0.24806514 3 0.6588093 -0.7141856 -0.23645152 3 -0.032646473 -0.34114477 0.93944371
3 -0.75160134 -0.61119485 -0.24806514 3 0.6588093 -0.7141856 -0.23645152 3 -0.032646473 -0.34114477 0.93944371
3 0.948048 -0.18057695 -0.2619105 3 -0.28274199 -0.85563612 -0.43352526 3 -0.14581537 0.48505577 -0.86224067
3 0.948048 -0.18057695 -0.2619105 3 -0.28274199 -0.85563612 -0.43352526 3 -0.14581537 0.48505577 -0.86224067
3 -0.56321371 0.81944013 0.10633983 3 0.7938714 0.50089806 0.34477463 3 0.22925678 0.27860194 -0.93264276
3 -0.56321371 0.81944013 0.10633983 3 0.7938714 0.50089806 0.34477463 3 0.22925678 0.27860194 -0.93264276
3 -0.92785943 0.34250513 -0.14753683 3 0.32568789 0.93693244 0.12682652 3 0.18167084 0.069626197 -0.98089141
3 -0.92785943 0.34250513 -0.14753683 3 0.32568789 0.93693244 0.12682652 3 0.18167084 0.069626197 -0.98089141
3 0.97188067 -0.088402316 -0.21824992 3 0.17991787 0.87672985 0.44606546 3 0.15191296 -0.47278944 0.86798197
3 0.97188067 -0.088402316 -0.21824992 3 0.17991787 0.87672985 0.44606546 3 0.15191296 -0.47278944 0.86798197
3 -0.93032527 0.22460806 -0.28990731 3 0.36644262 0.60091931 -0.71036333 3 0.01465759 -0.76710325 -0.64135629
3 -0.93032527 0.22460806 -0.28990731 3 0.36644262 0.60091931 -0.71036333 3 0.01465759 -0.76710325 -0.64135629
3 0.19842696 -0.9337585 -0.29786202 3 -0.94309211 -0.099161379 -0.31740239 3 0.26684076 0.34389266 -0.90029657
3 0.19842696 -0.9337585 -0.29786202 3 -0.94309211 -0.099161379 -0.31740239 3 0.26684076 0.34389266 -0.90029657
3 -0.96542668 -0.21794413 -0.14300917 3 0.23816527 -0.96048385 -0.14404173 3 -0.10596499 -0.17312156 0.97918355
3 -0.96542668 -0.21794413 -0.14300917 3 0.23816527 -0.96048385 -0.14404173 3 -0.10596499 -0.17312156 0.97918355
3 0.98292786 -0.17568509 0.054658413 3 -0.15456267 -0.94959795 -0.2727164 3 0.099815696 0.25961241 -0.96054065
3 0.98292786 -0.17568509 0.054658413 3 -0.15456267 -0.94959795 -0.2727164 3 0.099815696 0.25961241 -0.96054065
3 0.93342912 0.3325491 0.13461538 3 0.35627446 -0.90333867 -0.23884723 3 0.042174842 0.27090696 -0.96168125
3 0.93342912 0.3325491 0.13461538 3 0.35627446 -0.90333867 -0.23884723 3 0.042174842 0.27090696 -0.96168125
3 0.67815131 0.66856611 0.30517232 3 -0.7340346 0.63657999 0.2365573 3 -0.03611248 -0.38442877 0.92244816
3 0.67815131 0.66856611 0.30517232 3 -0.7340346 0.63657999 0.2365573 3 -0.03611248 -0.38442877 0.92244816
3 -0.18981411 -0.93605566 -0.29626074 3 -0.97765851 0.20795235 -0.030654091 3 0.090302043 0.28382319 -0.95461506
3 -0.18981411 -0.93605566 -0.29626074 3 -0.97765851 0.20795235 -0.030654091 3 0.090302043 0.28382319 -0.95461506
3 0.88376737 0.41111499 0.22347182 3 -0.45772544 0.85871857 0.23041266 3 -0.097173274 -0.30591992 0.94708532
3 0.88376737 0.41111499 0.22347182 3 -0.45772544 0.85871857 0.23041266 3 -0.097173274 -0.30591992 0.94708532
3 0.94612396 -0.21527648 -0.24187915 3 0.29248506 0.88867861 0.35313296 3 0.13893156 -0.40485355 0.90376526
3 0.94612396 -0.21527648 -0.24187915 3 0.29248506 0.88867861 0.35313296 3 0.13893156 -0.40485355 0.90376526
3 -0.44071957 0.60528731 -0.66286784 3 0.89761674 0.29131043 -0.33079109 3 -0.0071233576 -0.74078715 -0.67170215
3 -0.44071957 0.60528731 -0.66286784 3 0.89761674 0.29131043 -0.33079109 3 -0.0071233576 -0.74078715 -0.67170215
3 0.93059766 -0.16636075 0.32605544 3 0.09325777 0.96911508 0.22829629 3 -0.35396484 -0.18204477 0.91737056
3 0.93059766 -0.16636075 0.32605544 3 0.09325777 0.96911508 0.22829629 3 -0.35396484 -0.18204477 0.91737056
3 0.83449185 0.51265627 0.20200691 3 0.54637492 -0.81734931 -0.18279646 3 0.07139834 0.26291361 -0.962174
3 0.83449185 0.51265627 0.20200691 3 0.54637492 -0.81734931 -0.18279646 3 0.07139834 0.26291361 -0.962174
3 -0.8737995 -0.29904383 0.38346764 3 0.48593721 -0.50707263 0.71185863 3 -0.01843104 0.80836272 0.58839619
3 -0.8737995 -0.29904383 0.38346764 3 0.48593721 -0.50707263 0.71185863 3 -0.01843104 0.80836272 0.58839619
3 0.92699969 -0.29590625 0.230459 3 0.1998879 0.90969503 0.3640058 3 -0.31735882 -0.29136723 0.90243489
3 0.92699969 -0.29590625 0.230459 3 0.1998879 0.90969503 0.3640058 3 -0.31735882 -0.29136723 0.90243489
3 0.90587747 -0.36495617 -0.21492548 3 -0.42085749 -0.83265418 -0.35995278 3 -0.047591694 0.41652617 -0.90787721
3 0.90587747 -0.36495617 -0.21492548 3 -0.42085749 -0.83265418 -0.35995278 3 -0.047591694 0.41652617 -0.90787721
3 -0.41762605 -0.89893407 -0.13231108 3 0.88785297 -0.43468589 0.15088247 3 -0.19314714 -0.054460391 0.97965723
3 -0.41762605 -0.89893407 -0.13231108 3 0.88785297 -0.43468589 0.15088247 3 -0.19314714 -0.054460391 0.97965723
3 -0.54752749 -0.79322612 -0.26646942 3 -0.83232212 0.5491091 0.075624168 3 0.086333647 0.26319459 -0.96087205
3 -0.54752749 -0.79322612 -0.26646942 3 -0.83232212 0.5491091 0.075624168 3 0.086333647 0.26319459 -0.96087205
3 0.38029537 0.87077445 0.31165266 3 -0.92179346 0.38430566 0.051051162 3 -0.07531587 -0.30669397 0.94882369
3 0.38029537 0.87077445 0.31165266 3 -0.92179346 0.38430566 0.051051162 3 -0.07531587 -0.30669397 0.94882369
3 -0.35775778 -0.51322681 0.78013307 3 -0.93294442 0.16038543 -0.32232192 3 0.040302183 -0.84313411 -0.53619099
3 -0.35775778 -0.51322681 0.78013307 3 -0.93294442 0.16038543 -0.32232192 3 0.040302183 -0.84313411 -0.53619099
3 -0.63871008 0.76886618 0.029903596 3 0.70444119 0.56867307 0.42470419 3 0.30953547 0.292328 -0.90483826
3 -0.63871008 0.76886618 0.029903596 3 0.70444119 0.56867307 0.42470419 3 0.30953547 0.292328 -0.90483826
3 -0.99982274 -0.018718157 0.0020370025 3 0.014368553 -0.68859154 0.72500706 3 -0.012168135 0.72490782 0.68873841
3 -0.99982274 -0.018718157 0.0020370025 3 0.014368553 -0.68859154 0.72500706 3 -0.012168135 0.72490782 0.68873841
3 0.85825855 -0.25093871 0.44768527 3 0.29899216 0.95346832 -0.038755938 3 -0.41712824 0.16711697 0.89335102
3 0.85825855 -0.25093871 0.44768527 3 0.29899216 0.95346832 -0.038755938 3 -0.41712824 0.16711697 0.89335102
3 0.95616531 -0.29191405 -0.02311033 3 -0.28613696 -0.91463083 -0.28561574 3 0.062237829 0.27970859 -0.95806563
3 0.95616531 -0.29191405 -0.02311033 3 -0.28613696 -0.91463083 -0.28561574 3 0.062237829 0.27970859 -0.95806563
3 0.89583951 0.39437628 0.20478974 3 -0.43490732 0.87273127 0.22180143 3 -0.091253176 -0.28776306 0.95334435
3 0.89583951 0.39437628 0.20478974 3 -0.43490732 0.87273127 0.22180143 3 -0.091253176 -0.28776306 0.95334435
3 0.6641885 -0.71364546 -0.22262941 3 -0.74568057 -0.61132073 -0.26504228 3 0.05304832 0.34204838 -0.93818372
3 0.6641885 -0.71364546 -0.22262941 3 -0.74568057 -0.61132073 -0.26504228 3 0.05304832 0.34204838 -0.93818372
3 -0.48959929 -0.82730979 -0.27541095 3 -0.86994243 0.48487553 0.089977935 3 0.059100322 0.28364462 -0.95710653
3 -0.48959929 -0.82730979 -0.27541095 3 -0.86994243 0.48487553 0.089977935 3 0.059100322 0.28364462 -0.95710653
3 0.75872779 -0.6258024 -0.18084095 3 0.65003145 0.74540079 0.14777255 3 0.042322617 -0.22967149 0.97234762
3 0.75872779 -0.6258024 -0.18084095 3 0.65003145 0.74540079 0.14777255 3 0.042322617 -0.22967149 0.97234762
3 0.33569497 -0.92923814 -0.15435497 3 -0.87242001 -0.24490993 -0.42296892 3 0.35523579 0.27665085 -0.89290088
3 0.33569497 -0.92923814 -0.15435497 3 -0.87242001 -0.24490993 -0.42296892 3 0.35523579 0.27665085 -0.89290088
3 0.52884197 0.79271871 0.30318859 3 -0.81525004 0.57379907 -0.078244485 3 -0.23599516 -0.20579548 0.94971293
3 0.52884197 0.79271871 0.30318859 3 -0.81525004 0.57379907 -0.078244485 3 -0.23599516 -0.20579548 0.94971293
3 0.90339082 -0.10079616 0.41680348 3 0.046610478 0.98930424 0.13822003 3 -0.42627743 -0.10543931 0.89842653
3 0.90339082 -0.10079616 0.41680348 3 0.046610478 0.98930424 0.13822003 3 -0.42627743 -0.10543931 0.89842653
3 0.74941975 0.46508744 -0.47123632 3 0.6559186 -0.42452615 0.62413818 3 0.090226598 -0.77683419 -0.62320775
3 0.74941975 0.46508744 -0.47123632 3 0.6559186 -0.42452615 0.62413818 3 0.090226598 -0.77683419 -0.62320775
3 -0.89697891 0.18986878 -0.39922273 3 -0.14394762 -0.97929692 -0.14232641 3 -0.41798073 -0.070196658 0.90573984
3 -0.89697891 0.18986878 -0.39922273 3 -0.14394762 -0.97929692 -0.14232641 3 -0.41798073 -0.070196658 0.90573984
3 0.4725267 0.5701589 -0.67203969 3 -0.86616158 0.15963647 -0.47358263 3 -0.16273525 0.80587548 0.56928211
3 0.4725267 0.5701589 -0.67203969 3 -0.86616158 0.15963647 -0.47358263 3 -0.16273525 0.80587548 0.56928211
3 -0.63033009 0.42712063 -0.64826846 3 -0.61274207 -0.78646249 0.077615082 3 -0.47668791 0.44614452 0.75744557
3 -0.63033009 0.42712063 -0.64826846 3 -0.61274207 -0.78646249 0.077615082 3 -0.47668791 0.44614452 0.75744557
3 0.79220402 -0.59675807 -0.12764288 3 -0.60254717 -0.73175305 -0.31855083 3 0.096694745 0.32926801 -0.93927252
3 0.79220402 -0.59675807 -0.12764288 3 -0.60254717 -0.73175305 -0.31855083 3 0.096694745 0.32926801 -0.93927252
3 -0.86452901 0.14525576 -0.48113453 3 0.11337062 0.98901266 0.094874911 3 0.48962888 0.027475648 -0.87149799
3 -0.86452901 0.14525576 -0.48113453 3 0.11337062 0.98901266 0.094874911 3 0.48962888 0.027475648 -0.87149799
3 -0.76842421 -0.4787485 -0.42464608 3 -0.50472194 0.86134756 -0.057761744 3 0.39342093 0.16994251 -0.9035151
3 -0.76842421 -0.4787485 -0.42464608 3 -0.50472194 0.86134756 -0.057761744 3 0.39342093 0.16994251 -0.9035151
3 -0.65675479 -0.71421826 -0.24200307 3 0.74487334 -0.66446233 -0.060445346 3 -0.11763082 -0.21995945 0.96839088
3 -0.65675479 -0.71421826 -0.24200307 3 0.74487334 -0.66446233 -0.060445346 3 -0.11763082 -0.21995945 0.96839088
3 -0.66909885 -0.69280094 -0.26894906 3 0.73977727 -0.65545452 -0.1520164 3 -0.070966825 -0.30067647 0.95108223
3 -0.66909885 -0.69280094 -0.26894906 3 0.73977727 -0.65545452 -0.1520164 3 -0.070966825 -0.30067647 0.95108223
3 -0.73171383 0.28076941 -0.62109852 3 -0.41806358 -0.90456206 0.083609194 3 -0.53834724 0.32083666 0.7792601
3 -0.73171383 0.28076941 -0.62109852 3 -0.41806358 -0.90456206 0.083609194 3 -0.53834724 0.32083666 0.7792601
3 0.71908641 0.52533913 -0.4548994 3 -0.68998992 0.4619092 -0.55727351 3 -0.082635455 0.71460384 0.69463146
3 0.71908641 0.52533913 -0.4548994 3 -0.68998992 0.4619092 -0.55727351 3 -0.082635455 0.71460384 0.69463146
3 -0.67023814 -0.61529291 -0.41496459 3 0.64735037 -0.75813425 0.078550607 3 -0.36293039 -0.21597978 0.90644044
3 -0.67023814 -0.61529291 -0.41496459 3 0.64735037 -0.75813425 0.078550607 3 -0.36293039 -0.21597978 0.90644044
3 0.72847456 0.52849114 -0.43591511 3 0.67334753 -0.43513232 0.5977149 3 0.12620617 -0.72894245 -0.67284095
3 0.72847456 0.52849114 -0.43591511 3 0.67334753 -0.43513232 0.5977149 3 0.12620617 -0.72894245 -0.67284095
3 0.79250765 -0.45581904 0.40516737 3 0.39906672 0.88997477 0.22065952 3 -0.46116978 -0.013185431 0.88721395
3 0.79250765 -0.45581904 0.40516737 3 0.39906672 0.88997477 0.22065952 3 -0.46116978 -0.013185431 0.88721395
3 0.7452231 -0.65365934 -0.13180305 3 0.65561658 0.68217844 0.32372782 3 -0.12169461 -0.3276616 0.93692499
3 0.7452231 -0.65365934 -0.13180305 3 0.65561658 0.68217844 0.32372782 3 -0.12169461 -0.3276616 0.93692499
3 0.7855314 -0.61458135 -0.07231956 3 0.59583205 0.71960688 0.35658121 3 -0.16710643 -0.32319614 0.9314611
3 0.7855314 -0.61458135 -0.07231956 3 0.59583205 0.71960688 0.35658121 3 -0.16710643 -0.32319614 0.9314611
3 0.30530176 0.89003748 0.33856189 3 0.90058345 -0.38539559 0.20104691 3 0.30941948 0.24352312 -0.91921502
3 0.30530176 0.89003748 0.33856189 3 0.90058345 -0.38539559 0.20104691 3 0.30941948 0.24352312 -0.91921502
3 0.51983595 0.76568925 0.37880149 3 0.77739525 -0.60784048 0.16182342 3 0.3541573 0.21035677 -0.91122049
3 0.51983595 0.76568925 0.37880149 3 0.77739525 -0.60784048 0.16182342 3 0.3541573 0.21035677 -0.91122049
3 0.53457743 -0.78199178 0.32049313 3 -0.7375325 -0.61683923 -0.27487332 3 0.41264126 -0.089432836 -0.90649271
3 0.53457743 -0.78199178 0.32049313 3 -0.7375325 -0.61683923 -0.27487332 3 0.41264126 -0.089432836 -0.90649271
3 0.74021 0.55755579 0.37579343 3 0.54638648 -0.82451689 0.14708456 3 0.39185601 0.096455097 -0.91495651
3 0.74021 0.55755579 0.37579343 3 0.54638648 -0.82451689 0.14708456 3 0.39185601 0.096455097 -0.91495651
3 -0.86390179 0.49033761 -0.11507678 3 0.45997566 0.86117733 0.21632367 3 0.20517299 0.13394998 -0.9695161
3 -0.86390179 0.49033761 -0.11507678 3 0.45997566 0.86117733 0.21632367 3 0.20517299 0.13394998 -0.9695161
3 -0.66562784 0.73815161 0.10987233 3 0.7232939 0.6018309 0.33859372 3 0.18380895 0.3048473 -0.93449581
3 -0.66562784 0.73815161 0.10987233 3 0.7232939 0.6018309 0.33859372 3 0.18380895 0.3048473 -0.93449581
3 0.0055040438 -0.97745705 -0.21106274 3 -0.96694118 0.048607804 -0.25032428 3 0.25494051 0.20546326 -0.94487584
3 0.0055040438 -0.97745705 -0.21106274 3 -0.96694118 0.048607804 -0.25032428 3 0.25494051 0.20546326 -0.94487584
3 -0.71019417 0.69321787 0.12277324 3 -0.68764764 -0.64568686 -0.33200791 3 -0.15088084 -0.32021472 0.93525267
3 -0.71019417 0.69321787 0.12277324 3 -0.68764764 -0.64568686 -0.33200791 3 -0.15088084 -0.32021472 0.93525267
3 0.10268176 0.80153579 -0.58906448 3 0.96835554 0.054876633 0.24346747 3 0.22747374 -0.5954234 -0.77053666
3 0.10268176 0.80153579 -0.58906448 3 0.96835554 0.054876633 0.24346747 3 0.22747374 -0.5954234 -0.77053666
3 -0.64084601 0.55695868 -0.52831185 3 -0.6700272 -0.74169588 0.030834645 3 -0.37467316 0.37374362 0.8484903
3 -0.64084601 0.55695868 -0.52831185 3 -0.6700272 -0.74169588 0.030834645 3 -0.37467316 0.37374362 0.8484903
3 -0.78487819 0.61965013 2.6204667e-05 3 -0.5807668 -0.73561203 -0.34869033 3 -0.21604681 -0.27369455 0.93723804
3 -0.78487819 0.61965013 2.6204667e-05 3 -0.5807668 -0.73561203 -0.34869033 3 -0.21604681 -0.27369455 0.93723804
3 0.76847398 0.54916245 0.32843333 3 0.56949437 -0.82100844 0.040268257 3 0.29176033 0.15609579 -0.94366843
3 0.76847398 0.54916245 0.32843333 3 0.56949437 -0.82100844 0.040268257 3 0.29176033 0.15609579 -0.94366843
3 0.82780439 0.46917188 -0.30759975 3 -0.55140209 0.57934546 -0.60026205 3 -0.1034197 0.66651064 0.73828715
3 0.82780439 0.46917188 -0.30759975 3 -0.55140209 0.57934546 -0.60026205 3 -0.1034197 0.66651064 0.73828715
