ply
format ascii 1.0
comment PCL generated
element vertex 212
property list uint float x_axis
property list uint float y_axis
property list uint float z_axis
element camera 1
property float view_px
property float view_py
property float view_pz
property float x_axisx
property float x_axisy
property float x_axisz
property float y_axisx
property float y_axisy
property float y_axisz
property float z_axisx
property float z_axisy
property float z_axisz
property float focal
property float scalex
property float scaley
property float centerx
property float centery
property int viewportx
property int viewporty
property float k1
property float k2
end_header
3 0.7734198 -0.34542933 -0.53150773 3 0.43787244 0.89741808 0.053930879 3 0.45835519 -0.27444372 0.84533495
3 0.7734198 -0.34542933 -0.53150773 3 0.43787244 0.89741808 0.053930879 3 0.45835519 -0.27444372 0.84533495
3 0.037703652 -0.92499447 -0.37810546 3 -0.75397772 -0.27465397 0.59672683 3 -0.65581715 0.26258439 -0.7077806
3 0.037703652 -0.92499447 -0.37810546 3 -0.75397772 -0.27465397 0.59672683 3 -0.65581715 0.26258439 -0.7077806
3 0.19672075 -0.71312541 -0.67286938 3 0.65740955 0.60508859 -0.44908857 3 0.72740203 -0.35400569 0.58784884
3 0.19672075 -0.71312541 -0.67286938 3 0.65740955 0.60508859 -0.44908857 3 0.72740203 -0.35400569 0.58784884
3 -0.11792646 0.88428015 0.45182079 3 -0.94702768 -0.2370189 0.21670423 3 0.29871732 -0.40233171 0.86538851
3 -0.11792646 0.88428015 0.45182079 3 -0.94702768 -0.2370189 0.21670423 3 0.29871732 -0.40233171 0.86538851
3 0.54320997 0.8059392 0.23534016 3 -0.80415982 0.41885006 0.42177221 3 0.24135047 -0.41836199 0.8756274
3 0.54320997 0.8059392 0.23534016 3 -0.80415982 0.41885006 0.42177221 3 0.24135047 -0.41836199 0.8756274
3 -0.075570717 -0.96390873 -0.2552821 3 0.97874516 -0.022755742 -0.20381381 3 0.19064879 -0.26525843 0.94514078
3 -0.075570717 -0.96390873 -0.2552821 3 0.97874516 -0.022755742 -0.20381381 3 0.19064879 -0.26525843 0.94514078
3 0.063863494 -0.88342839 -0.46419382 3 0.9410184 0.20817979 -0.26673171 3 0.33227408 -0.41978046 0.84461731
3 0.063863494 -0.88342839 -0.46419382 3 0.9410184 0.20817979 -0.26673171 3 0.33227408 -0.41978046 0.84461731
3 0.21667892 -0.93896091 -0.26721317 3 0.96318352 0.25023744 -0.098279558 3 0.15914734 -0.23608002 0.95861268
3 0.21667892 -0.93896091 -0.26721317 3 0.96318352 0.25023744 -0.098279558 3 0.15914734 -0.23608002 0.95861268
3 0.39801487 -0.90254015 -0.16433342 3 0.91114104 0.40976888 -0.0437232 3 0.10680066 -0.13232844 0.98543543
3 0.39801487 -0.90254015 -0.16433342 3 0.91114104 0.40976888 -0.0437232 3 0.10680066 -0.13232844 0.98543543
3 0.57546896 0.76532644 0.28828982 3 -0.79954493 0.45238033 0.39506993 3 0.17194083 -0.45785105 0.87224358
3 0.57546896 0.76532644 0.28828982 3 -0.79954493 0.45238033 0.39506993 3 0.17194083 -0.45785105 0.87224358
3 0.84206593 0.53530955 0.066095635 3 0.47587052 -0.67963791 -0.55824685 3 -0.2539137 0.50153363 -0.82703799
3 0.84206593 0.53530955 0.066095635 3 0.47587052 -0.67963791 -0.55824685 3 -0.2539137 0.50153363 -0.82703799
3 -0.12706846 0.82459843 0.55126309 3 -0.85033929 -0.37669075 0.36746028 3 0.51066291 -0.42206809 0.74905401
3 -0.12706846 0.82459843 0.55126309 3 -0.85033929 -0.37669075 0.36746028 3 0.51066291 -0.42206809 0.74905401
3 0.22995976 -0.85793424 -0.45942071 3 0.9620325 0.27170786 -0.025855869 3 0.14701088 -0.43603191 0.88784242
3 0.22995976 -0.85793424 -0.45942071 3 0.9620325 0.27170786 -0.025855869 3 0.14701088 -0.43603191 0.88784242
3 -0.3611666 0.90576202 0.22170712 3 0.91157222 0.39302605 -0.1206937 3 -0.19645639 0.15851144 -0.96761519
3 -0.3611666 0.90576202 0.22170712 3 0.91157222 0.39302605 -0.1206937 3 -0.19645639 0.15851144 -0.96761519
3 -0.4046396 -0.88762158 -0.21998784 3 -0.90204263 0.34788263 0.25553238 3 -0.15028614 0.30183691 -0.94143963
3 -0.4046396 -0.88762158 -0.21998784 3 -0.90204263 0.34788263 0.25553238 3 -0.15028614 0.30183691 -0.94143963
3 -0.90949321 -0.41530368 -0.018577896 3 0.38287932 -0.81940264 -0.42659464 3 0.16194357 -0.39509794 0.90425211
3 -0.90949321 -0.41530368 -0.018577896 3 0.38287932 -0.81940264 -0.42659464 3 0.16194357 -0.39509794 0.90425211
3 0.4656916 -0.75312227 -0.46469155 3 0.75426239 0.61243135 -0.23667756 3 0.46283877 -0.24028057 0.85325587
3 0.4656916 -0.75312227 -0.46469155 3 0.75426239 0.61243135 -0.23667756 3 0.46283877 -0.24028057 0.85325587
3 -0.76849729 0.52278519 0.36892754 3 -0.47859737 -0.85234082 0.21085533 3 0.42468402 -0.014525969 0.90522522
3 -0.76849729 0.52278519 0.36892754 3 -0.47859737 -0.85234082 0.21085533 3 0.42468402 -0.014525969 0.90522522
3 0.61733675 0.75561565 0.21895298 3 -0.78139144 0.55666918 0.28204095 3 0.091230214 -0.34520215 0.93408388
3 0.61733675 0.75561565 0.21895298 3 -0.78139144 0.55666918 0.28204095 3 0.091230214 -0.34520215 0.93408388
3 0.76472044 0.59859812 0.23850164 3 -0.64185113 0.67499357 0.36388332 3 0.056832921 -0.43135139 0.90039217
3 0.76472044 0.59859812 0.23850164 3 -0.64185113 0.67499357 0.36388332 3 0.056832921 -0.43135139 0.90039217
3 0.97710931 0.20729187 -0.047828123 3 0.16474566 -0.87955081 -0.44637364 3 -0.13459685 0.42827633 -0.89356768
3 0.97710931 0.20729187 -0.047828123 3 0.16474566 -0.87955081 -0.44637364 3 -0.13459685 0.42827633 -0.89356768
3 0.9056651 -0.090051927 -0.41432056 3 0.14223869 0.98508662 0.096813142 3 0.39942336 -0.14661267 0.90496731
3 0.9056651 -0.090051927 -0.41432056 3 0.14223869 0.98508662 0.096813142 3 0.39942336 -0.14661267 0.90496731
3 0.53962415 -0.78748024 -0.29779297 3 0.81480998 0.57751036 -0.050662138 3 0.21187405 -0.21530633 0.95328522
3 0.53962415 -0.78748024 -0.29779297 3 0.81480998 0.57751036 -0.050662138 3 0.21187405 -0.21530633 0.95328522
3 0.13218068 -0.9348914 -0.32940298 3 0.91515696 0.2427716 -0.32179126 3 0.38080961 -0.25892109 0.88766205
3 0.13218068 -0.9348914 -0.32940298 3 0.91515696 0.2427716 -0.32179126 3 0.38080961 -0.25892109 0.88766205
3 -0.060882017 0.85482568 0.51533163 3 -0.93946302 -0.22349034 0.2597335 3 0.33719844 -0.46832186 0.81668341
3 -0.060882017 0.85482568 0.51533163 3 -0.93946302 -0.22349034 0.2597335 3 0.33719844 -0.46832186 0.81668341
3 -0.89919692 -0.37281746 0.22902414 3 -0.26932961 0.88413447 0.3817957 3 -0.34482834 0.28162649 -0.89542174
3 -0.89919692 -0.37281746 0.22902414 3 -0.26932961 0.88413447 0.3817957 3 -0.34482834 0.28162649 -0.89542174
3 -0.6834076 -0.72713405 -0.065040208 3 -0.71183205 0.64394343 0.28041446 3 -0.16201663 0.23793513 -0.95767307
3 -0.6834076 -0.72713405 -0.065040208 3 -0.71183205 0.64394343 0.28041446 3 -0.16201663 0.23793513 -0.95767307
3 -0.32249451 -0.86424601 -0.3861039 3 -0.94446862 0.266619 0.1920767 3 -0.063058905 0.42660663 -0.90223634
3 -0.32249451 -0.86424601 -0.3861039 3 -0.94446862 0.266619 0.1920767 3 -0.063058905 0.42660663 -0.90223634
3 0.98371744 0.027146993 -0.17765971 3 -0.048210572 -0.91243613 -0.40636948 3 -0.17313482 0.40831783 -0.89627063
3 0.98371744 0.027146993 -0.17765971 3 -0.048210572 -0.91243613 -0.40636948 3 -0.17313482 0.40831783 -0.89627063
3 0.97716278 0.076218449 -0.19835261 3 -0.0048604906 0.94123054 0.33773008 3 0.21243675 -0.32905313 0.92010581
3 0.97716278 0.076218449 -0.19835261 3 -0.0048604906 0.94123054 0.33773008 3 0.21243675 -0.32905313 0.92010581
3 0.35458788 0.88228118 -0.30959234 3 0.84265292 -0.44502845 -0.30312672 3 -0.40522033 -0.15339372 -0.90125847
3 0.35458788 0.88228118 -0.30959234 3 0.84265292 -0.44502845 -0.30312672 3 -0.40522033 -0.15339372 -0.90125847
3 -0.94847161 -0.30465829 0.087091811 3 0.26497948 -0.91333377 -0.30920452 3 0.17374556 -0.27019414 0.94699931
3 -0.94847161 -0.30465829 0.087091811 3 0.26497948 -0.91333377 -0.30920452 3 0.17374556 -0.27019414 0.94699931
3 0.96687859 -0.14626971 -0.20916729 3 -0.21323502 -0.91329569 -0.34701836 3 -0.14027329 0.38012642 -0.91423589
3 0.96687859 -0.14626971 -0.20916729 3 -0.21323502 -0.91329569 -0.34701836 3 -0.14027329 0.38012642 -0.91423589
3 0.95768583 -0.0042600534 -0.28778431 3 -0.14054956 -0.87948477 -0.45470044 3 -0.25116453 0.47590807 -0.84286886
3 0.95768583 -0.0042600534 -0.28778431 3 -0.14054956 -0.87948477 -0.45470044 3 -0.25116453 0.47590807 -0.84286886
3 -0.38515213 0.77606928 0.49937391 3 -0.887564 -0.45971438 0.029883519 3 0.25276101 -0.4317165 0.86587119
3 -0.38515213 0.77606928 0.49937391 3 -0.887564 -0.45971438 0.029883519 3 0.25276101 -0.4317165 0.86587119
3 0.74912632 -0.52621067 -0.40238324 3 0.6189301 0.77249223 0.14206162 3 0.23608357 -0.3554692 0.90438169
3 0.74912632 -0.52621067 -0.40238324 3 0.6189301 0.77249223 0.14206162 3 0.23608357 -0.3554692 0.90438169
3 0.96345264 -0.024896771 -0.26671925 3 -0.10626656 -0.9494983 -0.29522935 3 -0.24589947 0.31278285 -0.91744232
3 0.96345264 -0.024896771 -0.26671925 3 -0.10626656 -0.9494983 -0.29522935 3 -0.24589947 0.31278285 -0.91744232
3 -0.76365513 -0.64090192 -0.077945665 3 0.60613459 -0.67012662 -0.4284054 3 0.22233222 -0.37439972 0.90021843
3 -0.76365513 -0.64090192 -0.077945665 3 0.60613459 -0.67012662 -0.4284054 3 0.22233222 -0.37439972 0.90021843
3 0.82095402 0.56900406 -0.047632582 3 0.52881253 -0.78912401 -0.31247506 3 -0.21538785 0.23133875 -0.94873101
3 0.82095402 0.56900406 -0.047632582 3 0.52881253 -0.78912401 -0.31247506 3 -0.21538785 0.23133875 -0.94873101
3 -0.071440741 -0.89247072 -0.44541246 3 -0.96865261 -0.044441562 0.24441178 3 -0.23792517 0.44891092 -0.86131912
3 -0.071440741 -0.89247072 -0.44541246 3 -0.96865261 -0.044441562 0.24441178 3 -0.23792517 0.44891092 -0.86131912
3 0.68407059 0.69162315 0.2317432 3 -0.71293378 0.56681263 0.41285479 3 0.15418482 -0.44763947 0.88082123
3 0.68407059 0.69162315 0.2317432 3 -0.71293378 0.56681263 0.41285479 3 0.15418482 -0.44763947 0.88082123
3 0.909958 -0.23889881 -0.33897486 3 -0.33521894 -0.90494996 -0.26209521 3 -0.24414118 0.35212642 -0.90354967
3 0.909958 -0.23889881 -0.33897486 3 -0.33521894 -0.90494996 -0.26209521 3 -0.24414118 0.35212642 -0.90354967
3 0.75298762 0.63274723 0.18066691 3 0.64565432 -0.65742177 -0.38849351 3 -0.12704386 0.40917921 -0.90356648
3 0.75298762 0.63274723 0.18066691 3 0.64565432 -0.65742177 -0.38849351 3 -0.12704386 0.40917921 -0.90356648
3 0.7664212 -0.39755204 -0.50453055 3 0.54528487 0.81782711 0.18391159 3 0.33950433 -0.41606656 0.84357899
3 0.7664212 -0.39755204 -0.50453055 3 0.54528487 0.81782711 0.18391159 3 0.33950433 -0.41606656 0.84357899
3 0.43848574 0.85198754 0.28609011 3 0.84655887 -0.28465718 -0.44978708 3 -0.30177537 0.43941733 -0.84607565
3 0.43848574 0.85198754 0.28609011 3 0.84655887 -0.28465718 -0.44978708 3 -0.30177537 0.43941733 -0.84607565
3 -0.77187204 -0.63241136 -0.065341204 3 0.57832706 -0.65571278 -0.48536453 3 0.26410496 -0.41242787 0.87186694
3 -0.77187204 -0.63241136 -0.065341204 3 0.57832706 -0.65571278 -0.48536453 3 0.26410496 -0.41242787 0.87186694
3 -0.32185227 -0.87205124 -0.36869767 3 0.93615842 -0.23492235 -0.26157039 3 0.14148742 -0.42934635 0.89198822
3 -0.32185227 -0.87205124 -0.36869767 3 0.93615842 -0.23492235 -0.26157039 3 0.14148742 -0.42934635 0.89198822
3 0.80364007 -0.46898094 -0.3663598 3 -0.5618937 -0.80076313 -0.20749451 3 -0.19605638 0.37260613 -0.90704286
3 0.80364007 -0.46898094 -0.3663598 3 -0.5618937 -0.80076313 -0.20749451 3 -0.19605638 0.37260613 -0.90704286
3 0.94375056 -0.10274579 -0.31429023 3 0.19325814 0.94264811 0.27215084 3 0.26830277 -0.31758159 0.90948093
3 0.94375056 -0.10274579 -0.31429023 3 0.19325814 0.94264811 0.27215084 3 0.26830277 -0.31758159 0.90948093
3 0.12739146 0.97328585 0.19101346 3 0.95950204 -0.072145388 -0.27230689 3 -0.25125167 0.21796739 -0.9430604
3 0.12739146 0.97328585 0.19101346 3 0.95950204 -0.072145388 -0.27230689 3 -0.25125167 0.21796739 -0.9430604
3 0.39376947 0.9190287 0.018220961 3 0.85120481 -0.35708362 -0.38463223 3 -0.34698167 0.16696601 -0.92289013
3 0.39376947 0.9190287 0.018220961 3 0.85120481 -0.35708362 -0.38463223 3 -0.34698167 0.16696601 -0.92289013
3 -0.22603905 -0.94436216 -0.23892808 3 0.94124568 -0.14855829 -0.30329394 3 0.2509245 -0.29344636 0.92245656
3 -0.22603905 -0.94436216 -0.23892808 3 0.94124568 -0.14855829 -0.30329394 3 0.2509245 -0.29344636 0.92245656
3 0.91323298 -0.084475942 -0.39858422 3 0.19391271 0.9504863 0.24284516 3 0.35833415 -0.29906476 0.88439643
3 0.91323298 -0.084475942 -0.39858422 3 0.19391271 0.9504863 0.24284516 3 0.35833415 -0.29906476 0.88439643
3 0.1089632 -0.85198998 -0.5120939 3 0.95738411 0.22856522 -0.17656064 3 0.26747474 -0.47103202 0.84058678
3 0.1089632 -0.85198998 -0.5120939 3 0.95738411 0.22856522 -0.17656064 3 0.26747474 -0.47103202 0.84058678
3 0.83959699 0.52909964 0.12300657 3 -0.52689701 0.73815191 0.42132103 3 0.13212322 -0.41855162 0.89853102
3 0.83959699 0.52909964 0.12300657 3 -0.52689701 0.73815191 0.42132103 3 0.13212322 -0.41855162 0.89853102
3 0.82952225 0.52747869 0.18346401 3 0.55759537 -0.76383537 -0.32502779 3 -0.031308897 0.3719165 -0.92773813
3 0.82952225 0.52747869 0.18346401 3 0.55759537 -0.76383537 -0.32502779 3 -0.031308897 0.3719165 -0.92773813
3 0.29072142 -0.86776036 -0.40307942 3 0.92221987 0.36637929 -0.12359932 3 0.25493458 -0.33579499 0.90678012
3 0.29072142 -0.86776036 -0.40307942 3 0.92221987 0.36637929 -0.12359932 3 0.25493458 -0.33579499 0.90678012
3 0.64360207 -0.55683118 -0.52508605 3 0.69197321 0.7164976 0.0883421 3 0.32703146 -0.42020282 0.84645146
3 0.64360207 -0.55683118 -0.52508605 3 0.69197321 0.7164976 0.0883421 3 0.32703146 -0.42020282 0.84645146
3 0.99633229 -0.025961276 -0.081536233 3 0.054406002 0.92765808 0.36944646 3 0.066046461 -0.37252742 0.925668
3 0.99633229 -0.025961276 -0.081536233 3 0.054406002 0.92765808 0.36944646 3 0.066046461 -0.37252742 0.925668
3 -0.49494028 0.76723546 0.407902 3 0.85068274 0.52353156 0.047475025 3 -0.1771249 0.37049222 -0.91179073
3 -0.49494028 0.76723546 0.407902 3 0.85068274 0.52353156 0.047475025 3 -0.1771249 0.37049222 -0.91179073
3 0.91522807 -0.051903419 -0.39957941 3 0.11977205 0.98188937 0.14679265 3 0.38472372 -0.18220718 0.90486926
3 0.91522807 -0.051903419 -0.39957941 3 0.11977205 0.98188937 0.14679265 3 0.38472372 -0.18220718 0.90486926
3 0.16852275 -0.80830175 -0.56413525 3 0.9522872 0.28125495 -0.118512 3 0.25445926 -0.51724684 0.81713301
3 0.16852275 -0.80830175 -0.56413525 3 0.9522872 0.28125495 -0.118512 3 0.25445926 -0.51724684 0.81713301
3 -0.09160351 0.97160542 0.21815553 3 0.92941999 0.16206543 -0.33153191 3 -0.35747361 0.1723884 -0.91787517
3 -0.09160351 0.97160542 0.21815553 3 0.92941999 0.16206543 -0.33153191 3 -0.35747361 0.1723884 -0.91787517
3 0.53624654 0.83898169 -0.092463546 3 0.74501604 -0.52196145 -0.41534027 3 -0.39672512 0.15383813 -0.90495473
3 0.53624654 0.83898169 -0.092463546 3 0.74501604 -0.52196145 -0.41534027 3 -0.39672512 0.15383813 -0.90495473
3 -0.81808364 -0.5066399 -0.27213094 3 -0.57158393 0.6640541 0.4820002 3 -0.063490808 0.54986215 -0.83283895
3 -0.81808364 -0.5066399 -0.27213094 3 -0.57158393 0.6640541 0.4820002 3 -0.063490808 0.54986215 -0.83283895
3 0.99789643 0.032320201 0.056198355 3 -0.05686444 0.85267079 0.51934487 3 -0.031133369 -0.52144802 0.8527149
3 0.99789643 0.032320201 0.056198355 3 -0.05686444 0.85267079 0.51934487 3 -0.031133369 -0.52144802 0.8527149
3 0.078740656 0.98513687 0.15266052 3 -0.86179769 -0.0097089633 0.50715911 3 0.50110334 -0.17149653 0.84822422
3 0.078740656 0.98513687 0.15266052 3 -0.86179769 -0.0097089633 0.50715911 3 0.50110334 -0.17149653 0.84822422
3 -0.79930806 0.39826643 0.4499895 3 -0.48500252 -0.86968315 -0.091781706 3 0.35479468 -0.29160786 0.88830489
3 -0.79930806 0.39826643 0.4499895 3 -0.48500252 -0.86968315 -0.091781706 3 0.35479468 -0.29160786 0.88830489
3 -0.33336318 -0.8035959 -0.49305451 3 -0.92019159 0.16349217 0.35569364 3 -0.20522337 0.57227975 -0.79396433
3 -0.33336318 -0.8035959 -0.49305451 3 -0.92019159 0.16349217 0.35569364 3 -0.20522337 0.57227975 -0.79396433
3 -0.64057446 -0.71980506 0.26747894 3 -0.53405446 0.66789418 0.5183658 3 -0.55177003 0.18920355 -0.81225109
3 -0.64057446 -0.71980506 0.26747894 3 -0.53405446 0.66789418 0.5183658 3 -0.55177003 0.18920355 -0.81225109
3 0.1052331 0.97649032 0.18812938 3 0.8460049 0.011525713 -0.53305054 3 -0.52268702 0.21525303 -0.82490271
3 0.1052331 0.97649032 0.18812938 3 0.8460049 0.011525713 -0.53305054 3 -0.52268702 0.21525303 -0.82490271
3 -0.9164179 -0.21495295 0.33759955 3 -0.20419948 0.97659886 0.067508198 3 -0.34421039 -0.0070719221 -0.93886596
3 -0.9164179 -0.21495295 0.33759955 3 -0.20419948 0.97659886 0.067508198 3 -0.34421039 -0.0070719221 -0.93886596
3 -0.68307573 -0.51655281 -0.51631463 3 -0.7302742 0.47305021 0.4928723 3 -0.010351884 0.71372032 -0.70035434
3 -0.68307573 -0.51655281 -0.51631463 3 -0.7302742 0.47305021 0.4928723 3 -0.010351884 0.71372032 -0.70035434
3 0.13804321 0.96933562 0.2033041 3 0.83427292 -0.0031727925 -0.55134261 3 -0.53379101 0.2457201 -0.80912846
3 0.13804321 0.96933562 0.2033041 3 0.83427292 -0.0031727925 -0.55134261 3 -0.53379101 0.2457201 -0.80912846
3 -0.82349229 0.38531479 0.41640499 3 -0.4967429 -0.84426922 -0.20113719 3 0.27405685 -0.37248114 0.8866514
3 -0.82349229 0.38531479 0.41640499 3 -0.4967429 -0.84426922 -0.20113719 3 0.27405685 -0.37248114 0.8866514
3 -0.51035213 -0.75414211 -0.41329238 3 -0.83716929 0.32576415 0.43934679 3 -0.19669397 0.57021719 -0.79759884
3 -0.51035213 -0.75414211 -0.41329238 3 -0.83716929 0.32576415 0.43934679 3 -0.19669397 0.57021719 -0.79759884
3 -0.56482881 -0.76434922 0.31102866 3 0.51940054 -0.62217808 -0.58576256 3 0.64124221 -0.16930716 0.74842745
3 -0.56482881 -0.76434922 0.31102866 3 0.51940054 -0.62217808 -0.58576256 3 0.64124221 -0.16930716 0.74842745
3 -0.10301571 0.92055082 0.37679446 3 0.88388586 0.25846279 -0.38979876 3 -0.45621684 0.29288766 -0.84028757
3 -0.10301571 0.92055082 0.37679446 3 0.88388586 0.25846279 -0.38979876 3 -0.45621684 0.29288766 -0.84028757
3 -0.94522691 0.035147384 0.32451642 3 -0.21359035 -0.81839186 -0.53349233 3 0.24683061 -0.57358479 0.78107303
3 -0.94522691 0.035147384 0.32451642 3 -0.21359035 -0.81839186 -0.53349233 3 0.24683061 -0.57358479 0.78107303
3 0.26720992 0.92653811 0.26481336 3 -0.88261253 0.12502103 0.45317224 3 0.38677406 -0.35481966 0.85118085
3 0.26720992 0.92653811 0.26481336 3 -0.88261253 0.12502103 0.45317224 3 0.38677406 -0.35481966 0.85118085
3 -0.699314 0.33667326 0.63056415 3 -0.69582701 -0.5225935 -0.49266726 3 0.16366078 -0.78329259 0.59972328
3 -0.699314 0.33667326 0.63056415 3 -0.69582701 -0.5225935 -0.49266726 3 0.16366078 -0.78329259 0.59972328
3 -0.84188819 0.36145088 0.40072113 3 -0.49462968 -0.81376606 -0.30516595 3 0.21579091 -0.45512426 0.86388439
3 -0.84188819 0.36145088 0.40072113 3 -0.49462968 -0.81376606 -0.30516595 3 0.21579091 -0.45512426 0.86388439
3 -0.97426379 -0.16463964 0.15396103 3 -0.05069188 0.82555634 0.56203848 3 -0.21963722 0.53976911 -0.81265545
3 -0.97426379 -0.16463964 0.15396103 3 -0.05069188 0.82555634 0.56203848 3 -0.21963722 0.53976911 -0.81265545
3 -0.93861103 0.044087689 0.34214848 3 -0.22470155 -0.83068591 -0.50938219 3 0.26176047 -0.55499303 0.78959757
3 -0.93861103 0.044087689 0.34214848 3 -0.22470155 -0.83068591 -0.50938219 3 0.26176047 -0.55499303 0.78959757
3 -0.85316586 -0.50859463 -0.11592934 3 0.48722902 -0.69757575 -0.52535343 3 0.18632253 -0.50469762 0.84294981
3 -0.85316586 -0.50859463 -0.11592934 3 0.48722902 -0.69757575 -0.52535343 3 0.18632253 -0.50469762 0.84294981
3 -0.65934938 -0.74761951 -0.079520158 3 0.64578485 -0.50900614 -0.56909978 3 0.38499382 -0.42658854 0.81841427
3 -0.65934938 -0.74761951 -0.079520158 3 0.64578485 -0.50900614 -0.56909978 3 0.38499382 -0.42658854 0.81841427
3 0.88198173 -0.19236746 -0.43023598 3 0.42922771 0.70484376 0.56476444 3 0.19460693 -0.68278116 0.70422876
3 0.88198173 -0.19236746 -0.43023598 3 0.42922771 0.70484376 0.56476444 3 0.19460693 -0.68278116 0.70422876
3 -0.90556884 -0.42413998 -0.0071049957 3 -0.36752898 0.77611667 0.51241153 3 -0.21181992 0.46663517 -0.85871065
3 -0.90556884 -0.42413998 -0.0071049957 3 -0.36752898 0.77611667 0.51241153 3 -0.21181992 0.46663517 -0.85871065
3 0.85370594 -0.34473959 -0.39030874 3 -0.48829836 -0.79039526 -0.36991921 3 -0.1809724 0.50638932 -0.84310073
3 0.85370594 -0.34473959 -0.39030874 3 -0.48829836 -0.79039526 -0.36991921 3 -0.1809724 0.50638932 -0.84310073
3 0.95315456 0.2989628 -0.046018533 3 -0.22955042 0.81398922 0.53359938 3 0.19698507 -0.49803907 0.84448451
3 0.95315456 0.2989628 -0.046018533 3 -0.22955042 0.81398922 0.53359938 3 0.19698507 -0.49803907 0.84448451
3 0.97089744 -0.13989949 -0.19438721 3 0.22507954 0.81035221 0.54098868 3 0.081838064 -0.56899709 0.81825727
3 0.97089744 -0.13989949 -0.19438721 3 0.22507954 0.81035221 0.54098868 3 0.081838064 -0.56899709 0.81825727
3 0.96416807 0.26109263 -0.047016986 3 0.19569294 -0.81962121 -0.53844732 3 -0.17912078 0.50995278 -0.84134656
3 0.96416807 0.26109263 -0.047016986 3 0.19569294 -0.81962121 -0.53844732 3 -0.17912078 0.50995278 -0.84134656
3 -0.94071651 -0.17104214 -0.29291168 3 0.32947353 -0.66602635 -0.66922086 3 -0.080621898 -0.7260536 0.68289566
3 -0.94071651 -0.17104214 -0.29291168 3 0.32947353 -0.66602635 -0.66922086 3 -0.080621898 -0.7260536 0.68289566
3 0.80977613 0.56532151 0.1570804 3 -0.54291844 0.62042832 0.56595784 3 0.22249107 -0.54358095 0.80933154
3 0.80977613 0.56532151 0.1570804 3 -0.54291844 0.62042832 0.56595784 3 0.22249107 -0.54358095 0.80933154
3 0.90735209 0.40989661 0.093257315 3 0.39710975 -0.76301044 -0.51001865 3 -0.13789856 0.49979991 -0.85509306
3 0.90735209 0.40989661 0.093257315 3 0.39710975 -0.76301044 -0.51001865 3 -0.13789856 0.49979991 -0.85509306
3 0.7018494 -0.55191231 -0.45033354 3 0.70369238 0.63533312 0.31807071 3 0.11056457 -0.54013389 0.83428466
3 0.7018494 -0.55191231 -0.45033354 3 0.70369238 0.63533312 0.31807071 3 0.11056457 -0.54013389 0.83428466
3 0.57629842 -0.62632322 -0.5249756 3 0.81656271 0.41516724 0.40107563 3 -0.033250302 -0.65981472 0.75069243
3 0.57629842 -0.62632322 -0.5249756 3 0.81656271 0.41516724 0.40107563 3 -0.033250302 -0.65981472 0.75069243
3 -0.16577797 -0.604936 -0.77882612 3 0.97461951 -0.22098553 -0.035808168 3 -0.15044764 -0.76499522 0.62621707
3 -0.16577797 -0.604936 -0.77882612 3 0.97461951 -0.22098553 -0.035808168 3 -0.15044764 -0.76499522 0.62621707
3 -0.19806828 -0.32140049 -0.92599714 3 0.94148302 -0.32523558 -0.088496007 3 -0.27272457 -0.88933885 0.36701185
3 -0.19806828 -0.32140049 -0.92599714 3 0.94148302 -0.32523558 -0.088496007 3 -0.27272457 -0.88933885 0.36701185
3 -0.8495518 -0.4504832 -0.27445689 3 0.52659035 -0.69361949 -0.491523 3 0.031054266 -0.56210059 0.82648581
3 -0.8495518 -0.4504832 -0.27445689 3 0.52659035 -0.69361949 -0.491523 3 0.031054266 -0.56210059 0.82648581
3 0.54725617 -0.60551578 -0.57780737 3 -0.81663215 -0.23505661 -0.52712464 3 0.18336454 0.76032865 -0.62311947
3 0.54725617 -0.60551578 -0.57780737 3 -0.81663215 -0.23505661 -0.52712464 3 0.18336454 0.76032865 -0.62311947
3 -0.86228985 -0.42753568 -0.27142143 3 0.4991464 -0.627047 -0.59805125 3 0.085494362 -0.6511724 0.75409907
3 -0.86228985 -0.42753568 -0.27142143 3 0.4991464 -0.627047 -0.59805125 3 0.085494362 -0.6511724 0.75409907
3 -0.66935533 0.60002309 0.43810481 3 0.72001922 0.37855962 0.58160561 3 0.18312787 0.70474476 -0.6854189
3 -0.66935533 0.60002309 0.43810481 3 0.72001922 0.37855962 0.58160561 3 0.18312787 0.70474476 -0.6854189
3 -0.6077919 -0.52246159 -0.59801579 3 0.74969149 -0.62582421 -0.21519044 3 -0.26182389 -0.57911825 0.77205598
3 -0.6077919 -0.52246159 -0.59801579 3 0.74969149 -0.62582421 -0.21519044 3 -0.26182389 -0.57911825 0.77205598
3 -0.91548479 0.36350599 0.17248465 3 -0.39121932 -0.70406234 -0.5926581 3 -0.093994886 -0.61004883 0.78676897
3 -0.91548479 0.36350599 0.17248465 3 -0.39121932 -0.70406234 -0.5926581 3 -0.093994886 -0.61004883 0.78676897
3 -0.77412879 -0.30916488 -0.55239636 3 0.55403566 -0.75301754 -0.3549777 3 -0.30621752 -0.58084571 0.75422084
3 -0.77412879 -0.30916488 -0.55239636 3 0.55403566 -0.75301754 -0.3549777 3 -0.30621752 -0.58084571 0.75422084
0 0 0 1 0 0 0 1 0 0 0 1 0 0 0 0 0 212 1 0 0
