# .PCD v0.7 - Point Cloud Data file format
VERSION 0.7
FIELDS x_axis y_axis z_axis
SIZE 4 4 4
TYPE F F F
COUNT 3 3 3
WIDTH 394
HEIGHT 1
VIEWPOINT 0 0 0 1 0 0 0
POINTS 394
DATA ascii
0.048345026 0.83214718 0.5524435 0.92557108 0.17059113 -0.3379598 -0.37547424 0.52766442 -0.7619642
0.048345026 0.83214718 0.5524435 0.92557108 0.17059113 -0.3379598 -0.37547424 0.52766442 -0.7619642
-0.24575263 -0.90352196 -0.35107517 0.90618753 -0.085562266 -0.4141295 0.3441363 -0.41991332 0.83978748
-0.24575263 -0.90352196 -0.35107517 0.90618753 -0.085562266 -0.4141295 0.3441363 -0.41991332 0.83978748
-0.027243918 -0.93587375 -0.35128063 0.90613699 0.12526703 -0.40400988 0.42210612 -0.32931527 0.84461707
-0.027243918 -0.93587375 -0.35128063 0.90613699 0.12526703 -0.40400988 0.42210612 -0.32931527 0.84461707
-0.028807443 0.86349046 0.50354201 -0.97809827 -0.12823744 0.16394916 0.20614143 -0.48779041 0.84827262
-0.028807443 0.86349046 0.50354201 -0.97809827 -0.12823744 0.16394916 0.20614143 -0.48779041 0.84827262
-0.059343789 0.95360678 -0.29514846 -0.94030124 0.045862321 0.3372393 0.33512983 0.29754138 0.89395589
-0.059343789 0.95360678 -0.29514846 -0.94030124 0.045862321 0.3372393 0.33512983 0.29754138 0.89395589
0.025124062 -0.84625012 -0.5321933 0.95776355 0.17292336 -0.2297539 0.28645787 -0.50394291 0.81485194
0.025124062 -0.84625012 -0.5321933 0.95776355 0.17292336 -0.2297539 0.28645787 -0.50394291 0.81485194
-0.21911967 0.85493106 -0.47019109 -0.96234792 -0.10992541 0.24860257 0.16085206 0.50696105 0.84682775
-0.21911967 0.85493106 -0.47019109 -0.96234792 -0.10992541 0.24860257 0.16085206 0.50696105 0.84682775
-0.29165056 0.86291772 -0.41269001 -0.94338989 -0.18824095 0.2730954 0.15797369 0.46897596 0.86896837
-0.29165056 0.86291772 -0.41269001 -0.94338989 -0.18824095 0.2730954 0.15797369 0.46897596 0.86896837
0.85747302 -0.3250705 -0.39883488 0.33757943 0.94041646 -0.040709481 0.38830456 -0.099731266 0.91611862
0.85747302 -0.3250705 -0.39883488 0.33757943 0.94041646 -0.040709481 0.38830456 -0.099731266 0.91611862
0.41192001 0.82182992 -0.39359584 -0.83900321 0.51059473 0.18806052 0.35552162 0.25276214 0.89984202
0.41192001 0.82182992 -0.39359584 -0.83900321 0.51059473 0.18806052 0.35552162 0.25276214 0.89984202
-0.54143298 -0.79875624 -0.2623719 0.80981636 -0.41160592 -0.41806489 0.22593802 -0.43882713 0.8697027
-0.54143298 -0.79875624 -0.2623719 0.80981636 -0.41160592 -0.41806489 0.22593802 -0.43882713 0.8697027
-0.25812191 0.84958363 -0.45997918 -0.9509232 -0.13932529 0.27628565 0.17064101 0.50872022 0.84385163
-0.25812191 0.84958363 -0.45997918 -0.9509232 -0.13932529 0.27628565 0.17064101 0.50872022 0.84385163
0.22691245 0.88217753 0.41264212 0.94028944 -0.088069424 -0.32878497 -0.25370556 0.46260849 -0.84948629
0.22691245 0.88217753 0.41264212 0.94028944 -0.088069424 -0.32878497 -0.25370556 0.46260849 -0.84948629
-0.09571486 -0.92207336 -0.37499258 0.96954155 -0.0010351539 -0.24492496 0.22545061 -0.3870137 0.89408749
-0.09571486 -0.92207336 -0.37499258 0.96954155 -0.0010351539 -0.24492496 0.22545061 -0.3870137 0.89408749
-0.3120546 0.82047403 -0.47900349 0.92618901 0.15039882 -0.34576622 -0.21165065 -0.55154562 -0.80684662
-0.3120546 0.82047403 -0.47900349 0.92618901 0.15039882 -0.34576622 -0.21165065 -0.55154562 -0.80684662
-0.046931867 0.88624078 -0.4608413 -0.97926545 0.050198216 0.19626381 0.19707039 0.46049699 0.86550909
-0.046931867 0.88624078 -0.4608413 -0.97926545 0.050198216 0.19626381 0.19707039 0.46049699 0.86550909
-0.28819838 0.89454633 -0.34165582 0.91893589 0.15804172 -0.3613584 -0.26925594 -0.41810256 -0.86757797
-0.28819838 0.89454633 -0.34165582 0.91893589 0.15804172 -0.3613584 -0.26925594 -0.41810256 -0.86757797
0.93735504 -0.023054093 -0.34761202 -0.049967691 0.97859412 -0.19964232 0.34477365 0.20450509 0.91613805
0.93735504 -0.023054093 -0.34761202 -0.049967691 0.97859412 -0.19964232 0.34477365 0.20450509 0.91613805
-0.89718616 -0.42793623 -0.10921405 0.41350967 -0.72706562 -0.54807436 0.15513511 -0.53688568 0.82926887
-0.89718616 -0.42793623 -0.10921405 0.41350967 -0.72706562 -0.54807436 0.15513511 -0.53688568 0.82926887
-0.51368868 0.74209046 -0.43061101 0.82792723 0.29707927 -0.47568959 -0.22507906 -0.60087085 -0.767003
-0.51368868 0.74209046 -0.43061101 0.82792723 0.29707927 -0.47568959 -0.22507906 -0.60087085 -0.767003
-0.9380461 0.12961231 0.32135698 -0.072302356 -0.98020828 0.18429384 0.33888355 0.14964122 0.92885166
-0.9380461 0.12961231 0.32135698 -0.072302356 -0.98020828 0.18429384 0.33888355 0.14964122 0.92885166
0.9853074 -0.042176262 -0.16550106 -0.10404487 -0.91668832 -0.38582051 -0.13544036 0.39737129 -0.90760791
0.9853074 -0.042176262 -0.16550106 -0.10404487 -0.91668832 -0.38582051 -0.13544036 0.39737129 -0.90760791
0.13605988 0.75134081 -0.64573592 0.765944 -0.4931753 -0.41244179 -0.62834525 -0.43848065 -0.64258623
0.13605988 0.75134081 -0.64573592 0.765944 -0.4931753 -0.41244179 -0.62834525 -0.43848065 -0.64258623
-0.031431034 0.78293598 -0.62130773 0.80072939 -0.35231027 -0.4844687 -0.5982011 -0.51272678 -0.6158464
-0.031431034 0.78293598 -0.62130773 0.80072939 -0.35231027 -0.4844687 -0.5982011 -0.51272678 -0.6158464
0.25832364 0.78447312 -0.56380033 0.91890121 -0.37964076 -0.10720825 -0.29814354 -0.49038225 -0.81892359
0.25832364 0.78447312 -0.56380033 0.91890121 -0.37964076 -0.10720825 -0.29814354 -0.49038225 -0.81892359
0.23237978 -0.87092626 0.43299791 -0.9401713 -0.08709731 0.32938144 -0.24915397 -0.48363376 -0.83905947
0.23237978 -0.87092626 0.43299791 -0.9401713 -0.08709731 0.32938144 -0.24915397 -0.48363376 -0.83905947
-0.41231081 -0.78447354 -0.46325061 -0.88588536 0.22655529 0.4048208 -0.21261925 0.577299 -0.78836471
-0.41231081 -0.78447354 -0.46325061 -0.88588536 0.22655529 0.4048208 -0.21261925 0.577299 -0.78836471
-0.079277709 0.90625751 -0.4152258 0.75559199 -0.21706927 -0.61803061 -0.65022761 -0.36273727 -0.66755211
-0.079277709 0.90625751 -0.4152258 0.75559199 -0.21706927 -0.61803061 -0.65022761 -0.36273727 -0.66755211
0.46969411 -0.76296705 0.44414964 0.83988142 0.2311683 -0.4910813 0.27200556 0.6036908 0.74938017
0.46969411 -0.76296705 0.44414964 0.83988142 0.2311683 -0.4910813 0.27200556 0.6036908 0.74938017
0.56926328 -0.81741881 -0.088123985 0.65127283 0.51376408 -0.55847132 0.50177985 0.26052451 0.8248297
0.56926328 -0.81741881 -0.088123985 0.65127283 0.51376408 -0.55847132 0.50177985 0.26052451 0.8248297
-0.3275193 0.8093434 -0.48753911 0.89595056 0.10219176 -0.43223786 -0.30000642 -0.57837713 -0.75860149
-0.3275193 0.8093434 -0.48753911 0.89595056 0.10219176 -0.43223786 -0.30000642 -0.57837713 -0.75860149
0.35130367 0.7597338 -0.54716563 0.87003678 -0.48079175 -0.10897361 -0.3458637 -0.43777147 -0.82990032
0.35130367 0.7597338 -0.54716563 0.87003678 -0.48079175 -0.10897361 -0.3458637 -0.43777147 -0.82990032
0.93362778 -0.080433108 -0.34909856 -0.039225779 0.9456585 -0.32278714 0.35609093 0.31505665 0.87973779
0.93362778 -0.080433108 -0.34909856 -0.039225779 0.9456585 -0.32278714 0.35609093 0.31505665 0.87973779
-0.96123165 0.060007155 0.26913351 -0.15564345 -0.92375606 -0.34992832 0.22761549 -0.37825105 0.89728332
-0.96123165 0.060007155 0.26913351 -0.15564345 -0.92375606 -0.34992832 0.22761549 -0.37825105 0.89728332
0.24481189 -0.87053972 -0.42688158 0.9682492 0.24248683 0.060776796 0.050604519 -0.4282065 0.90226293
0.24481189 -0.87053972 -0.42688158 0.9682492 0.24248683 0.060776796 0.050604519 -0.4282065 0.90226293
0.99473548 0.10229688 -0.0060703228 -0.083060257 0.83953893 0.53691304 0.060020801 -0.53358215 0.84361583
0.99473548 0.10229688 -0.0060703228 -0.083060257 0.83953893 0.53691304 0.060020801 -0.53358215 0.84361583
-0.87876588 0.14436728 0.45489416 0.076603457 -0.89812535 0.43301594 0.47106528 0.41536605 0.7781828
-0.87876588 0.14436728 0.45489416 0.076603457 -0.89812535 0.43301594 0.47106528 0.41536605 0.7781828
0.9230864 -0.26160163 -0.2819151 0.28379565 0.95804024 0.040235654 0.25956023 -0.11714725 0.95859534
0.9230864 -0.26160163 -0.2819151 0.28379565 0.95804024 0.040235654 0.25956023 -0.11714725 0.95859534
-0.17198469 -0.84830326 -0.50080234 -0.96812868 0.05159194 0.24508214 -0.18206657 0.52699143 -0.83013964
-0.17198469 -0.84830326 -0.50080234 -0.96812868 0.05159194 0.24508214 -0.18206657 0.52699143 -0.83013964
-0.18785305 0.72942233 0.65776467 -0.97699523 -0.20760192 -0.048804782 0.10095388 -0.65180093 0.75164086
-0.18785305 0.72942233 0.65776467 -0.97699523 -0.20760192 -0.048804782 0.10095388 -0.65180093 0.75164086
0.98973739 -0.13103364 -0.057009865 0.14278533 0.89097828 0.43101054 -0.0056823352 -0.4347274 0.90054417
0.98973739 -0.13103364 -0.057009865 0.14278533 0.89097828 0.43101054 -0.0056823352 -0.4347274 0.90054417
-0.99444079 -0.089659676 -0.055215407 -0.10453278 0.90369296 0.41522536 0.012668801 0.41868883 -0.90804142
-0.99444079 -0.089659676 -0.055215407 -0.10453278 0.90369296 0.41522536 0.012668801 0.41868883 -0.90804142
0.97833717 -0.18579125 -0.091313355 0.20701055 0.87420171 0.43922466 -0.0017778007 -0.44861257 0.89372468
0.97833717 -0.18579125 -0.091313355 0.20701055 0.87420171 0.43922466 -0.0017778007 -0.44861257 0.89372468
0.89420772 -0.085445628 -0.43942198 0.11081041 -0.90881503 0.40221426 -0.43372083 -0.40835559 -0.80320108
0.89420772 -0.085445628 -0.43942198 0.11081041 -0.90881503 0.40221426 -0.43372083 -0.40835559 -0.80320108
0.8730377 -0.16855128 -0.45759761 -0.045414805 0.90618765 -0.42043036 0.4855333 0.3878333 0.78348136
0.8730377 -0.16855128 -0.45759761 -0.045414805 0.90618765 -0.42043036 0.4855333 0.3878333 0.78348136
0.28488988 -0.87990433 0.38027111 0.89316797 0.099658176 -0.43854201 0.34797788 0.4645822 0.81429398
0.28488988 -0.87990433 0.38027111 0.89316797 0.099658176 -0.43854201 0.34797788 0.4645822 0.81429398
0.88162005 -0.47050008 -0.037091415 -0.34270543 -0.69222802 0.63511693 -0.32449856 -0.54722023 -0.77152503
0.88162005 -0.47050008 -0.037091415 -0.34270543 -0.69222802 0.63511693 -0.32449856 -0.54722023 -0.77152503
-0.63244361 0.77458841 -0.0052755149 -0.69096661 -0.56106275 0.45582229 0.35011479 0.29192716 0.8900553
-0.63244361 0.77458841 -0.0052755149 -0.69096661 -0.56106275 0.45582229 0.35011479 0.29192716 0.8900553
0.87618506 -0.10958258 -0.4693521 0.078615829 -0.92827511 0.36349002 -0.47552034 -0.35538301 -0.80472577
0.87618506 -0.10958258 -0.4693521 0.078615829 -0.92827511 0.36349002 -0.47552034 -0.35538301 -0.80472577
0.13754077 -0.85154527 -0.5059182 0.98427838 0.17464551 -0.026368178 0.11081003 -0.49433765 0.86217844
0.13754077 -0.85154527 -0.5059182 0.98427838 0.17464551 -0.026368178 0.11081003 -0.49433765 0.86217844
0.93410534 -0.32086349 -0.15650527 0.35699308 0.83733594 0.41403466 -0.0018010845 -0.44262329 0.89670593
0.93410534 -0.32086349 -0.15650527 0.35699308 0.83733594 0.41403466 -0.0018010845 -0.44262329 0.89670593
-0.90046662 0.38414213 0.20394802 -0.3040151 -0.89127403 0.33646053 0.3110224 0.24096811 0.91934741
-0.90046662 0.38414213 0.20394802 -0.3040151 -0.89127403 0.33646053 0.3110224 0.24096811 0.91934741
0.92583823 -0.34852394 -0.14613253 0.34838396 0.93695164 -0.027392253 0.14646599 -0.025549443 0.9888857
0.92583823 -0.34852394 -0.14613253 0.34838396 0.93695164 -0.027392253 0.14646599 -0.025549443 0.9888857
0.90974373 -0.35318696 -0.21823241 0.41476423 0.74992049 0.51535416 -0.018359361 -0.5593552 0.82872474
0.90974373 -0.35318696 -0.21823241 0.41476423 0.74992049 0.51535416 -0.018359361 -0.5593552 0.82872474
0.94748545 -0.11840279 -0.29707295 0.0095871836 -0.91800189 0.39646053 -0.31965569 -0.37848857 -0.86865801
0.94748545 -0.11840279 -0.29707295 0.0095871836 -0.91800189 0.39646053 -0.31965569 -0.37848857 -0.86865801
0.89523315 -0.31658462 -0.31357926 0.16206232 0.88685793 -0.43268815 0.41508257 0.33653736 0.8452509
0.89523315 -0.31658462 -0.31357926 0.16206232 0.88685793 -0.43268815 0.41508257 0.33653736 0.8452509
0.96650088 -0.14869675 -0.20920217 0.24631786 0.76645166 0.59319448 0.072137229 -0.62485307 0.7774027
0.96650088 -0.14869675 -0.20920217 0.24631786 0.76645166 0.59319448 0.072137229 -0.62485307 0.7774027
-0.98517108 0.10068534 0.13892649 0.15656167 0.85878074 0.48783624 -0.070189402 0.50235265 -0.86180931
-0.98517108 0.10068534 0.13892649 0.15656167 0.85878074 0.48783624 -0.070189402 0.50235265 -0.86180931
-0.1761322 -0.62955934 0.75672483 -0.90140581 0.41204402 0.13299364 -0.39553136 -0.65869176 -0.64006257
-0.1761322 -0.62955934 0.75672483 -0.90140581 0.41204402 0.13299364 -0.39553136 -0.65869176 -0.64006257
-0.031835593 -0.90757763 -0.41867566 0.99914247 -0.017802475 -0.037382554 0.026474109 -0.4195067 0.90736616
-0.031835593 -0.90757763 -0.41867566 0.99914247 -0.017802475 -0.037382554 0.026474109 -0.4195067 0.90736616
0.96948349 -0.010781583 -0.2449196 -0.074149065 0.93934578 -0.33486062 0.23367457 0.34280238 0.9098807
0.96948349 -0.010781583 -0.2449196 -0.074149065 0.93934578 -0.33486062 0.23367457 0.34280238 0.9098807
0.77501148 -0.62276632 0.10732782 0.6295768 0.74619144 -0.21640581 0.054683112 0.23528814 0.97038621
0.77501148 -0.62276632 0.10732782 0.6295768 0.74619144 -0.21640581 0.054683112 0.23528814 0.97038621
-0.48340544 0.60465157 0.633021 0.86126524 0.45791352 0.22031204 -0.15665692 0.65169913 -0.74212325
-0.48340544 0.60465157 0.633021 0.86126524 0.45791352 0.22031204 -0.15665692 0.65169913 -0.74212325
-0.6660285 0.74585718 -0.010161931 0.64452988 0.56858176 -0.51117134 -0.37548292 -0.34700429 -0.85941881
-0.6660285 0.74585718 -0.010161931 0.64452988 0.56858176 -0.51117134 -0.37548292 -0.34700429 -0.85941881
-0.014032708 0.95230019 -0.30484009 -0.94703823 0.085158221 0.30962366 0.32081428 0.29304039 0.90066957
-0.014032708 0.95230019 -0.30484009 -0.94703823 0.085158221 0.30962366 0.32081428 0.29304039 0.90066957
0.94563222 0.2835235 0.15935579 -0.32451293 0.78980708 0.52047694 0.021707078 -0.54389268 0.83887392
0.94563222 0.2835235 0.15935579 -0.32451293 0.78980708 0.52047694 0.021707078 -0.54389268 0.83887392
-0.85599929 0.26083669 0.4463512 -0.45780596 -0.78354675 -0.42008138 0.24016444 -0.56393164 0.79012805
-0.85599929 0.26083669 0.4463512 -0.45780596 -0.78354675 -0.42008138 0.24016444 -0.56393164 0.79012805
-0.89209992 0.25981411 0.36966804 0.38859922 0.85861373 0.33432525 -0.23053972 0.44190425 -0.86693269
-0.89209992 0.25981411 0.36966804 0.38859922 0.85861373 0.33432525 -0.23053972 0.44190425 -0.86693269
0.097860225 0.61354399 -0.78357327 0.87711942 -0.42516881 -0.22336733 -0.47019666 -0.66542858 -0.57975847
0.097860225 0.61354399 -0.78357327 0.87711942 -0.42516881 -0.22336733 -0.47019666 -0.66542858 -0.57975847
-0.88349056 0.24781403 0.39753348 -0.39658496 -0.84734607 -0.35316482 0.24932924 -0.46967348 0.8469013
-0.88349056 0.24781403 0.39753348 -0.39658496 -0.84734607 -0.35316482 0.24932924 -0.46967348 0.8469013
-0.12851965 -0.89828104 -0.4202069 -0.99093032 0.1330878 0.018571254 0.039242242 0.41878277 -0.90723825
-0.12851965 -0.89828104 -0.4202069 -0.99093032 0.1330878 0.018571254 0.039242242 0.41878277 -0.90723825
-0.36739334 0.89686388 -0.24628735 -0.91389793 -0.29895875 0.27461705 0.1726643 0.32597402 0.92947733
-0.36739334 0.89686388 -0.24628735 -0.91389793 -0.29895875 0.27461705 0.1726643 0.32597402 0.92947733
0.9910996 -0.12729403 0.038961958 0.12476853 0.99027508 0.061549176 -0.046417892 -0.056140125 0.9973433
0.9910996 -0.12729403 0.038961958 0.12476853 0.99027508 0.061549176 -0.046417892 -0.056140125 0.9973433
0.97757077 -0.0087546958 -0.21042521 -0.076270193 0.91660023 -0.39246279 0.19631174 0.39970931 0.89537382
0.97757077 -0.0087546958 -0.21042521 -0.076270193 0.91660023 -0.39246279 0.19631174 0.39970931 0.89537382
0.68658471 -0.71888989 0.1086227 -0.63971114 -0.5263294 0.56013149 -0.34550163 -0.45406467 -0.82125151
0.68658471 -0.71888989 0.1086227 -0.63971114 -0.5263294 0.56013149 -0.34550163 -0.45406467 -0.82125151
-0.67512488 -0.61756551 0.40350881 -0.67820668 0.73480153 -0.010126621 -0.29024491 -0.28049901 -0.91491979
-0.67512488 -0.61756551 0.40350881 -0.67820668 0.73480153 -0.010126621 -0.29024491 -0.28049901 -0.91491979
0.47110754 -0.65457499 -0.59126079 -0.86900723 -0.45937878 -0.18384111 -0.15127498 0.60041898 -0.78524703
0.47110754 -0.65457499 -0.59126079 -0.86900723 -0.45937878 -0.18384111 -0.15127498 0.60041898 -0.78524703
0.072606459 -0.76404673 0.64106232 -0.87339514 0.26164415 0.41075957 -0.48156971 -0.58972454 -0.64831764
0.072606459 -0.76404673 0.64106232 -0.87339514 0.26164415 0.41075957 -0.48156971 -0.58972454 -0.64831764
-0.28436518 -0.51917183 0.80597591 -0.81315583 0.57593918 0.084094599 -0.50785261 -0.63147038 -0.58594453
-0.28436518 -0.51917183 0.80597591 -0.81315583 0.57593918 0.084094599 -0.50785261 -0.63147038 -0.58594453
-0.74956131 0.6565069 0.084595792 -0.57236308 -0.70701426 0.41536909 0.33250311 0.26292515 0.90571094
-0.74956131 0.6565069 0.084595792 -0.57236308 -0.70701426 0.41536909 0.33250311 0.26292515 0.90571094
0.36823037 0.91659772 -0.15574022 0.9288615 -0.36994424 0.018909607 -0.040282752 -0.15162434 -0.98761702
0.36823037 0.91659772 -0.15574022 0.9288615 -0.36994424 0.018909607 -0.040282752 -0.15162434 -0.98761702
0.075677946 -0.89160275 -0.44644991 -0.99692881 -0.058606066 -0.051948033 0.02015234 0.44900998 -0.89329952
0.075677946 -0.89160275 -0.44644991 -0.99692881 -0.058606066 -0.051948033 0.02015234 0.44900998 -0.89329952
-0.92923295 0.0025255771 0.36948591 -0.15797417 -0.90669036 -0.39109716 0.33402151 -0.42178956 0.84292543
-0.92923295 0.0025255771 0.36948591 -0.15797417 -0.90669036 -0.39109716 0.33402151 -0.42178956 0.84292543
-0.92857319 -0.28541607 0.23725432 -0.12669593 0.84460258 0.52018738 -0.34885553 0.4529728 -0.82043624
-0.92857319 -0.28541607 0.23725432 -0.12669593 0.84460258 0.52018738 -0.34885553 0.4529728 -0.82043624
-0.59061402 0.78001648 -0.20675905 -0.65785158 -0.31702393 0.68317425 0.46733963 0.53950912 0.70037389
-0.59061402 0.78001648 -0.20675905 -0.65785158 -0.31702393 0.68317425 0.46733963 0.53950912 0.70037389
0.60435104 -0.67321807 -0.426072 -0.79210788 -0.56516391 -0.2305541 -0.085587345 0.47683057 -0.87481862
0.60435104 -0.67321807 -0.426072 -0.79210788 -0.56516391 -0.2305541 -0.085587345 0.47683057 -0.87481862
-0.83901262 0.52422971 0.14574297 -0.42052501 -0.7947216 0.43769434 0.34527746 0.30594254 0.8872332
-0.83901262 0.52422971 0.14574297 -0.42052501 -0.7947216 0.43769434 0.34527746 0.30594254 0.8872332
-0.94003195 -0.12969822 0.31546521 -0.030333579 -0.8894304 -0.45606315 0.33973479 -0.43828315 0.8321588
-0.94003195 -0.12969822 0.31546521 -0.030333579 -0.8894304 -0.45606315 0.33973479 -0.43828315 0.8321588
-0.26507401 -0.58151054 0.76914316 -0.76798952 0.60965341 0.19625194 -0.58303338 -0.53867269 -0.60819715
-0.26507401 -0.58151054 0.76914316 -0.76798952 0.60965341 0.19625194 -0.58303338 -0.53867269 -0.60819715
-0.97133195 0.23247084 0.049715795 -0.23237807 -0.97259498 0.0077184001 0.05014766 -0.0040557384 0.99873358
-0.97133195 0.23247084 0.049715795 -0.23237807 -0.97259498 0.0077184001 0.05014766 -0.0040557384 0.99873358
0.70357126 0.43024307 -0.56557792 -0.63284945 0.74138373 -0.22327514 0.3232477 0.51501566 0.79389536
0.70357126 0.43024307 -0.56557792 -0.63284945 0.74138373 -0.22327514 0.3232477 0.51501566 0.79389536
-0.36891311 0.81920916 -0.43908939 -0.75096101 0.015661746 0.66016084 0.5476867 0.57328099 0.60941631
-0.36891311 0.81920916 -0.43908939 -0.75096101 0.015661746 0.66016084 0.5476867 0.57328099 0.60941631
0.4047282 0.89474821 -0.18873423 0.8981759 -0.4277218 -0.10165705 -0.17168327 -0.12837319 -0.97675246
0.4047282 0.89474821 -0.18873423 0.8981759 -0.4277218 -0.10165705 -0.17168327 -0.12837319 -0.97675246
0.5270232 0.50643313 -0.68247503 0.73302042 -0.67723536 0.063510582 -0.43003213 -0.53373951 -0.72814465
0.5270232 0.50643313 -0.68247503 0.73302042 -0.67723536 0.063510582 -0.43003213 -0.53373951 -0.72814465
-0.87202311 0.44260526 0.20898892 -0.38056904 -0.88161129 0.27915734 0.30780357 0.16389689 0.93722719
-0.87202311 0.44260526 0.20898892 -0.38056904 -0.88161129 0.27915734 0.30780357 0.16389689 0.93722719
-0.9636997 -0.23959917 -0.11779267 0.26328439 -0.92607558 -0.27030647 -0.04431973 -0.29150724 0.95554149
-0.9636997 -0.23959917 -0.11779267 0.26328439 -0.92607558 -0.27030647 -0.04431973 -0.29150724 0.95554149
-0.79551673 -0.59419441 -0.11868501 0.57214451 -0.67211527 -0.47001249 0.19950883 -0.44180775 0.87464404
-0.79551673 -0.59419441 -0.11868501 0.57214451 -0.67211527 -0.47001249 0.19950883 -0.44180775 0.87464404
-0.77608025 0.35343248 0.52228832 0.53983468 0.80045336 0.26048607 -0.32600331 0.48410743 -0.81201094
-0.77608025 0.35343248 0.52228832 0.53983468 0.80045336 0.26048607 -0.32600331 0.48410743 -0.81201094
-0.79624343 0.59429228 0.11319516 0.5079537 0.75836945 -0.40848354 -0.32860228 -0.26775447 -0.90571964
-0.79624343 0.59429228 0.11319516 0.5079537 0.75836945 -0.40848354 -0.32860228 -0.26775447 -0.90571964
-0.86643171 -0.48343557 -0.12484503 0.49433154 -0.79539692 -0.3506856 0.070232548 -0.36555988 0.92813444
-0.86643171 -0.48343557 -0.12484503 0.49433154 -0.79539692 -0.3506856 0.070232548 -0.36555988 0.92813444
0.42198321 -0.84667885 -0.32413736 -0.90648025 -0.39993653 -0.13544145 -0.014958949 0.35097811 -0.93626422
0.42198321 -0.84667885 -0.32413736 -0.90648025 -0.39993653 -0.13544145 -0.014958949 0.35097811 -0.93626422
-0.70691717 0.70654619 -0.032568507 -0.59099108 -0.56474996 0.57600969 0.38858435 0.42643878 0.81679386
-0.70691717 0.70654619 -0.032568507 -0.59099108 -0.56474996 0.57600969 0.38858435 0.42643878 0.81679386
-0.64293319 -0.7506181 -0.15234631 -0.7651543 0.62054962 0.17163092 -0.034290761 0.22691573 -0.97331053
-0.64293319 -0.7506181 -0.15234631 -0.7651543 0.62054962 0.17163092 -0.034290761 0.22691573 -0.97331053
-0.96757221 -0.14120723 0.20943885 0.014699034 -0.85922068 -0.51139408 0.25216675 -0.49173212 0.83343357
-0.96757221 -0.14120723 0.20943885 0.014699034 -0.85922068 -0.51139408 0.25216675 -0.49173212 0.83343357
0.48935273 -0.66860312 -0.55991411 0.82845473 0.55693984 0.058999896 0.27239102 -0.49273533 0.82644737
0.48935273 -0.66860312 -0.55991411 0.82845473 0.55693984 0.058999896 0.27239102 -0.49273533 0.82644737
-0.96384358 -0.26606622 0.014642571 -0.2058607 0.77838397 0.59307677 -0.16919526 0.56861883 -0.80501288
-0.96384358 -0.26606622 0.014642571 -0.2058607 0.77838397 0.59307677 -0.16919526 0.56861883 -0.80501288
0.64646298 0.11871483 -0.75365275 -0.42308182 0.87780404 -0.22463712 0.63489175 0.46407634 0.61769378
0.64646298 0.11871483 -0.75365275 -0.42308182 0.87780404 -0.22463712 0.63489175 0.46407634 0.61769378
-0.44833553 0.85079765 -0.27411443 -0.77623492 -0.2185155 0.59136331 0.44323218 0.47790647 0.75838697
-0.44833553 0.85079765 -0.27411443 -0.77623492 -0.2185155 0.59136331 0.44323218 0.47790647 0.75838697
-0.74552995 0.62259716 0.23781906 -0.56130898 -0.77894366 0.27960515 0.35932907 0.074963979 0.93019515
-0.74552995 0.62259716 0.23781906 -0.56130898 -0.77894366 0.27960515 0.35932907 0.074963979 0.93019515
-0.88484722 0.37872484 0.27131698 -0.39509392 -0.91861951 -0.0062425584 0.24687289 -0.11271941 0.96246982
-0.88484722 0.37872484 0.27131698 -0.39509392 -0.91861951 -0.0062425584 0.24687289 -0.11271941 0.96246982
-0.89374042 -0.44774348 -0.027456839 0.43055972 -0.83904392 -0.33260149 0.12588264 -0.3090812 0.94266778
-0.89374042 -0.44774348 -0.027456839 0.43055972 -0.83904392 -0.33260149 0.12588264 -0.3090812 0.94266778
0.97694808 0.054629099 -0.20636851 0.035230059 0.91218978 0.40825051 0.21054955 -0.40610999 0.88923764
0.97694808 0.054629099 -0.20636851 0.035230059 0.91218978 0.40825051 0.21054955 -0.40610999 0.88923764
0.77714664 0.083618797 -0.62373966 -0.36296713 0.86922634 -0.33570901 0.51409954 0.48729208 0.70586693
0.77714664 0.083618797 -0.62373966 -0.36296713 0.86922634 -0.33570901 0.51409954 0.48729208 0.70586693
0.49026158 -0.68256879 -0.54198116 0.84307337 0.5291146 0.096256748 0.22106831 -0.50412083 0.83485997
0.49026158 -0.68256879 -0.54198116 0.84307337 0.5291146 0.096256748 0.22106831 -0.50412083 0.83485997
-0.76597029 0.64282376 0.0081969872 -0.56686354 -0.68136281 0.46304485 0.30324134 0.350032 0.88629693
-0.76597029 0.64282376 0.0081969872 -0.56686354 -0.68136281 0.46304485 0.30324134 0.350032 0.88629693
-0.91660696 -0.053696774 0.39616707 0.14254503 -0.96970636 0.19837001 0.37351382 0.23829897 0.89649379
-0.91660696 -0.053696774 0.39616707 0.14254503 -0.96970636 0.19837001 0.37351382 0.23829897 0.89649379
0.64333409 -0.59136569 -0.48621795 -0.73960638 -0.64411235 -0.19519664 -0.19774632 0.48518652 -0.85175729
0.64333409 -0.59136569 -0.48621795 -0.73960638 -0.64411235 -0.19519664 -0.19774632 0.48518652 -0.85175729
-0.9209578 0.28464913 0.26610482 -0.34847751 -0.90722692 -0.23559037 0.17435674 -0.30970025 0.9347114
-0.9209578 0.28464913 0.26610482 -0.34847751 -0.90722692 -0.23559037 0.17435674 -0.30970025 0.9347114
0.38892314 -0.87214631 -0.29681617 -0.91151375 -0.41105059 0.013434127 -0.13372299 0.26532719 -0.95484018
0.38892314 -0.87214631 -0.29681617 -0.91151375 -0.41105059 0.013434127 -0.13372299 0.26532719 -0.95484018
-0.39617148 -0.87962669 -0.26325896 -0.89798731 0.31139702 0.31088722 -0.19148655 0.35956785 -0.91325998
-0.39617148 -0.87962669 -0.26325896 -0.89798731 0.31139702 0.31088722 -0.19148655 0.35956785 -0.91325998
-0.79704851 0.59899646 0.076921843 0.50319749 0.72913992 -0.46383989 -0.33392531 -0.33099592 -0.88257337
-0.79704851 0.59899646 0.076921843 0.50319749 0.72913992 -0.46383989 -0.33392531 -0.33099592 -0.88257337
-0.35914284 -0.90642452 -0.22228612 -0.91437429 0.29403982 0.27831739 -0.18691275 0.30320826 -0.93441349
-0.35914284 -0.90642452 -0.22228612 -0.91437429 0.29403982 0.27831739 -0.18691275 0.30320826 -0.93441349
-0.84142351 0.39319682 0.37067899 -0.5351063 -0.7018472 -0.47018301 0.075285479 -0.5939756 0.80095267
-0.84142351 0.39319682 0.37067899 -0.5351063 -0.7018472 -0.47018301 0.075285479 -0.5939756 0.80095267
0.64947397 -0.58109683 -0.49041831 0.75252891 0.5836761 0.30499595 0.10901315 -0.56714076 0.81637466
0.64947397 -0.58109683 -0.49041831 0.75252891 0.5836761 0.30499595 0.10901315 -0.56714076 0.81637466
-0.69539601 0.71753114 -0.039668869 0.65678602 0.61218268 -0.44030064 -0.29164451 -0.33223745 -0.89697367
-0.69539601 0.71753114 -0.039668869 0.65678602 0.61218268 -0.44030064 -0.29164451 -0.33223745 -0.89697367
-0.85803664 0.43220732 0.27743438 -0.44346607 -0.8959626 0.024263293 0.2590574 -0.10221383 0.96043825
-0.85803664 0.43220732 0.27743438 -0.44346607 -0.8959626 0.024263293 0.2590574 -0.10221383 0.96043825
-0.90385467 -0.31105715 -0.29375178 -0.42783481 0.66035855 0.61715794 0.0020100446 0.68349838 -0.7299493
-0.90385467 -0.31105715 -0.29375178 -0.42783481 0.66035855 0.61715794 0.0020100446 0.68349838 -0.7299493
-0.76220036 0.64727533 -0.009244157 -0.57807934 -0.67415291 0.45971993 0.29133326 0.35574254 0.88801593
-0.76220036 0.64727533 -0.009244157 -0.57807934 -0.67415291 0.45971993 0.29133326 0.35574254 0.88801593
-0.87241685 0.46335015 0.15554902 -0.37685555 -0.84035182 0.38960075 0.31123737 0.28127483 0.90775317
-0.87241685 0.46335015 0.15554902 -0.37685555 -0.84035182 0.38960075 0.31123737 0.28127483 0.90775317
0.89331472 -0.30328467 -0.3316732 0.41734838 0.83361894 0.36180073 0.16676055 -0.46162525 0.87125951
0.89331472 -0.30328467 -0.3316732 0.41734838 0.83361894 0.36180073 0.16676055 -0.46162525 0.87125951
0.84690213 -0.4366461 -0.30347484 -0.49771529 -0.8518194 -0.16334972 -0.18717976 0.28938532 -0.9387331
0.84690213 -0.4366461 -0.30347484 -0.49771529 -0.8518194 -0.16334972 -0.18717976 0.28938532 -0.9387331
-0.97468567 -0.10722283 0.19619177 0.053198949 -0.96352148 -0.26229051 0.21715851 -0.24521357 0.94483459
-0.97468567 -0.10722283 0.19619177 0.053198949 -0.96352148 -0.26229051 0.21715851 -0.24521357 0.94483459
-0.80847871 -0.40470937 -0.42728519 -0.58817971 0.53074938 0.61020488 -0.020174421 0.74465799 -0.66714132
-0.80847871 -0.40470937 -0.42728519 -0.58817971 0.53074938 0.61020488 -0.020174421 0.74465799 -0.66714132
0.706074 -0.70467991 0.069898561 -0.64333415 -0.59707505 0.47918972 -0.29594076 -0.38331139 -0.87492377
0.706074 -0.70467991 0.069898561 -0.64333415 -0.59707505 0.47918972 -0.29594076 -0.38331139 -0.87492377
0.94812375 -0.16569544 -0.27130526 0.25696433 0.90190595 0.34718189 0.18716523 -0.39888707 0.89769614
0.94812375 -0.16569544 -0.27130526 0.25696433 0.90190595 0.34718189 0.18716523 -0.39888707 0.89769614
-0.05232678 -0.92230821 0.38289636 0.95126528 -0.16271791 -0.26194924 0.30390197 0.35052887 0.88587421
-0.05232678 -0.92230821 0.38289636 0.95126528 -0.16271791 -0.26194924 0.30390197 0.35052887 0.88587421
-0.97804618 0.082271144 0.19146083 -0.13478205 -0.95046324 -0.28009573 0.15893276 -0.29975203 0.94068545
-0.97804618 0.082271144 0.19146083 -0.13478205 -0.95046324 -0.28009573 0.15893276 -0.29975203 0.94068545
-0.27987537 -0.92966127 -0.2395827 -0.93602633 0.20877907 0.28331295 -0.21336517 0.30354807 -0.92861938
-0.27987537 -0.92966127 -0.2395827 -0.93602633 0.20877907 0.28331295 -0.21336517 0.30354807 -0.92861938
0.81792396 0.3617284 -0.44738457 -0.48973227 0.84584451 -0.21144618 0.30193153 0.39204547 0.86898667
0.81792396 0.3617284 -0.44738457 -0.48973227 0.84584451 -0.21144618 0.30193153 0.39204547 0.86898667
0.9735902 -0.095571652 -0.20733573 -0.16046849 -0.93245298 -0.3236995 -0.16239434 0.34842154 -0.92316341
0.9735902 -0.095571652 -0.20733573 -0.16046849 -0.93245298 -0.3236995 -0.16239434 0.34842154 -0.92316341
0.73817199 0.47612202 -0.47792253 0.62543356 -0.7485339 0.22029524 -0.25285387 -0.46152461 -0.8503294
0.73817199 0.47612202 -0.47792253 0.62543356 -0.7485339 0.22029524 -0.25285387 -0.46152461 -0.8503294
-0.1571122 -0.96621114 -0.20433269 0.9656139 -0.10689744 -0.2369871 0.20713693 -0.23454005 0.94978172
-0.1571122 -0.96621114 -0.20433269 0.9656139 -0.10689744 -0.2369871 0.20713693 -0.23454005 0.94978172
0.76099205 -0.44233805 -0.47458205 0.64626598 0.58096057 0.49479806 0.056845389 -0.68324357 0.72797447
0.76099205 -0.44233805 -0.47458205 0.64626598 0.58096057 0.49479806 0.056845389 -0.68324357 0.72797447
0.75875759 -0.65103358 0.021029001 -0.58812106 -0.67084301 0.45175588 -0.28000101 -0.35514084 -0.89189374
0.75875759 -0.65103358 0.021029001 -0.58812106 -0.67084301 0.45175588 -0.28000101 -0.35514084 -0.89189374
0.99125624 -0.086125128 -0.099967383 0.11205487 0.94949478 0.29309294 0.069675848 -0.30173206 0.95084339
0.99125624 -0.086125128 -0.099967383 0.11205487 0.94949478 0.29309294 0.069675848 -0.30173206 0.95084339
-0.19545926 -0.94675553 -0.25583157 0.97298753 -0.15452927 -0.17151125 0.12284575 -0.2824443 0.95138538
-0.19545926 -0.94675553 -0.25583157 0.97298753 -0.15452927 -0.17151125 0.12284575 -0.2824443 0.95138538
0.59800237 -0.56866038 -0.56481731 -0.7999506 -0.4671832 -0.37658864 -0.049722098 0.67702681 -0.73427689
0.59800237 -0.56866038 -0.56481731 -0.7999506 -0.4671832 -0.37658864 -0.049722098 0.67702681 -0.73427689
0.93499708 -0.21228376 -0.28410599 0.32502615 0.83343822 0.44692165 0.14191055 -0.51021224 0.84825993
0.93499708 -0.21228376 -0.28410599 0.32502615 0.83343822 0.44692165 0.14191055 -0.51021224 0.84825993
-0.66455925 -0.59666497 0.44983551 0.70153964 -0.70548731 0.10064803 0.25730002 0.38246393 0.8874222
-0.66455925 -0.59666497 0.44983551 0.70153964 -0.70548731 0.10064803 0.25730002 0.38246393 0.8874222
0.90669829 -0.4061603 -0.113719 -0.32131094 -0.8398037 0.43759477 -0.27323532 -0.36022723 -0.89195234
0.90669829 -0.4061603 -0.113719 -0.32131094 -0.8398037 0.43759477 -0.27323532 -0.36022723 -0.89195234
0.86246336 -0.5026114 -0.059487421 0.46390557 0.83204198 -0.30413467 0.20235752 0.23470849 0.9507699
0.86246336 -0.5026114 -0.059487421 0.46390557 0.83204198 -0.30413467 0.20235752 0.23470849 0.9507699
-0.45512885 -0.8721351 -0.17954963 0.87880677 -0.40749454 -0.24828792 0.14337508 -0.27079251 0.95190078
-0.45512885 -0.8721351 -0.17954963 0.87880677 -0.40749454 -0.24828792 0.14337508 -0.27079251 0.95190078
0.6522308 -0.52958429 -0.5423426 0.75114202 0.54770696 0.36851424 0.10188545 -0.64773262 0.75502437
0.6522308 -0.52958429 -0.5423426 0.75114202 0.54770696 0.36851424 0.10188545 -0.64773262 0.75502437
0.94351679 -0.22977455 -0.23870461 -0.29995173 -0.89838672 -0.3208279 -0.14073092 0.37430629 -0.91656411
0.94351679 -0.22977455 -0.23870461 -0.29995173 -0.89838672 -0.3208279 -0.14073092 0.37430629 -0.91656411
0.98153991 0.1797906 -0.065228939 -0.17880215 0.98366654 0.020735603 0.067891516 -0.0086897602 0.99765486
0.98153991 0.1797906 -0.065228939 -0.17880215 0.98366654 0.020735603 0.067891516 -0.0086897602 0.99765486
-0.24031574 -0.95164526 -0.19136287 0.97002912 -0.22813772 -0.083647802 0.035945944 -0.20572942 0.97794861
-0.24031574 -0.95164526 -0.19136287 0.97002912 -0.22813772 -0.083647802 0.035945944 -0.20572942 0.97794861
0.84258264 0.52858859 0.10319174 -0.53497064 0.79934329 0.2735998 0.062136091 -0.28573504 0.95629215
0.84258264 0.52858859 0.10319174 -0.53497064 0.79934329 0.2735998 0.062136091 -0.28573504 0.95629215
0.99415874 -0.0072260853 -0.10768564 0.048809186 0.91999727 0.38887358 0.096260466 -0.3918581 0.91497606
0.99415874 -0.0072260853 -0.10768564 0.048809186 0.91999727 0.38887358 0.096260466 -0.3918581 0.91497606
0.56303328 -0.63058364 -0.53418893 -0.82085007 -0.50171494 -0.27292344 -0.095909677 0.5921542 -0.80009669
0.56303328 -0.63058364 -0.53418893 -0.82085007 -0.50171494 -0.27292344 -0.095909677 0.5921542 -0.80009669
-0.54155177 0.59800309 0.5908587 -0.83177686 -0.48310265 -0.27342126 0.12193861 -0.63953429 0.75903022
-0.54155177 0.59800309 0.5908587 -0.83177686 -0.48310265 -0.27342126 0.12193861 -0.63953429 0.75903022
0.45437127 0.78405833 -0.42284673 -0.87053663 0.49151573 -0.024050906 0.18897854 0.37903169 0.905882
0.45437127 0.78405833 -0.42284673 -0.87053663 0.49151573 -0.024050906 0.18897854 0.37903169 0.905882
0.77718478 -0.62819195 0.036859863 0.6044848 0.72901064 -0.32115668 0.17487678 0.27187935 0.94630849
0.77718478 -0.62819195 0.036859863 0.6044848 0.72901064 -0.32115668 0.17487678 0.27187935 0.94630849
-0.3474772 0.89211398 0.28877708 -0.93563759 -0.30950859 -0.1696665 -0.061982851 -0.329146 0.94224256
-0.3474772 0.89211398 0.28877708 -0.93563759 -0.30950859 -0.1696665 -0.061982851 -0.329146 0.94224256
0.014453006 0.95529842 0.29528996 -0.99559265 0.041117188 -0.084289618 -0.092663221 -0.2927703 0.95168221
0.014453006 0.95529842 0.29528996 -0.99559265 0.041117188 -0.084289618 -0.092663221 -0.2927703 0.95168221
0.78331667 0.51612824 -0.34644872 0.61576301 -0.7205959 0.31871259 -0.085153081 -0.46298325 -0.8822673
0.78331667 0.51612824 -0.34644872 0.61576301 -0.7205959 0.31871259 -0.085153081 -0.46298325 -0.8822673
0.3487581 -0.69960934 -0.62363023 0.93280005 0.3236106 0.15862055 0.090840794 -0.63704216 0.76545763
0.3487581 -0.69960934 -0.62363023 0.93280005 0.3236106 0.15862055 0.090840794 -0.63704216 0.76545763
-0.057007831 0.93968207 0.33726519 0.98846114 0.0056383386 0.15136985 0.1403379 0.34200284 -0.92916054
-0.057007831 0.93968207 0.33726519 0.98846114 0.0056383386 0.15136985 0.1403379 0.34200284 -0.92916054
0.84766889 -0.52593112 -0.069670819 0.52850991 0.82569724 0.19723488 -0.046204977 -0.20401156 0.97787756
0.84766889 -0.52593112 -0.069670819 0.52850991 0.82569724 0.19723488 -0.046204977 -0.20401156 0.97787756
-0.53190553 -0.82547051 -0.18887836 0.83996099 -0.54261369 0.0059917644 -0.10743397 -0.15546332 0.98198223
-0.53190553 -0.82547051 -0.18887836 0.83996099 -0.54261369 0.0059917644 -0.10743397 -0.15546332 0.98198223
0.86905599 -0.49451774 -0.013933333 0.48760769 0.85147601 0.19294456 -0.083550528 -0.17447363 0.98111075
0.86905599 -0.49451774 -0.013933333 0.48760769 0.85147601 0.19294456 -0.083550528 -0.17447363 0.98111075
0.94991028 -0.29979631 -0.088276155 0.31060171 0.87435573 0.37286553 -0.034598894 -0.38160753 0.92367667
0.94991028 -0.29979631 -0.088276155 0.31060171 0.87435573 0.37286553 -0.034598894 -0.38160753 0.92367667
0.048443068 -0.98495775 0.16586609 0.99801171 0.054435711 0.031773388 -0.040324479 0.16399702 0.98563635
0.048443068 -0.98495775 0.16586609 0.99801171 0.054435711 0.031773388 -0.040324479 0.16399702 0.98563635
0.58206439 0.78883326 0.19734077 -0.79651588 0.60194367 -0.056803711 -0.1635966 -0.12412152 0.978688
0.58206439 0.78883326 0.19734077 -0.79651588 0.60194367 -0.056803711 -0.1635966 -0.12412152 0.978688
0.36113679 0.87400603 -0.32510576 -0.91962266 0.27603227 -0.27946502 -0.15451442 0.39989966 0.90344107
0.36113679 0.87400603 -0.32510576 -0.91962266 0.27603227 -0.27946502 -0.15451442 0.39989966 0.90344107
0.18188012 -0.91726035 -0.35433477 0.96555936 0.098417036 0.24085134 -0.18605079 -0.38593736 0.9035694
0.18188012 -0.91726035 -0.35433477 0.96555936 0.098417036 0.24085134 -0.18605079 -0.38593736 0.9035694
-0.87949932 0.47438905 -0.037893377 -0.44654912 -0.8501668 -0.27894515 -0.16454425 -0.22841081 0.9595592
-0.87949932 0.47438905 -0.037893377 -0.44654912 -0.8501668 -0.27894515 -0.16454425 -0.22841081 0.9595592
-0.075116798 0.97680968 0.20049995 0.96029103 0.016681448 0.27850074 0.26869762 0.21345842 -0.93927473
-0.075116798 0.97680968 0.20049995 0.96029103 0.016681448 0.27850074 0.26869762 0.21345842 -0.93927473
0.040969137 0.99593914 0.080167443 0.96651739 -0.059844241 0.24952573 0.25330999 0.06726066 -0.96504414
0.040969137 0.99593914 0.080167443 0.96651739 -0.059844241 0.24952573 0.25330999 0.06726066 -0.96504414
0.054119069 -0.99185646 -0.11529126 0.98058194 0.030994931 0.1936457 -0.18849525 -0.12353241 0.97427374
0.054119069 -0.99185646 -0.11529126 0.98058194 0.030994931 0.1936457 -0.18849525 -0.12353241 0.97427374
-0.16175751 -0.98024815 -0.11379026 0.96316493 -0.18192656 0.19803114 -0.21482109 -0.077565603 0.9735685
-0.16175751 -0.98024815 -0.11379026 0.96316493 -0.18192656 0.19803114 -0.21482109 -0.077565603 0.9735685
0.20995101 0.97770697 -0.0031093629 -0.94151407 0.20131963 -0.27022535 -0.26357517 0.059661873 0.96279216
0.20995101 0.97770697 -0.0031093629 -0.94151407 0.20131963 -0.27022535 -0.26357517 0.059661873 0.96279216
0.58962232 -0.80018133 -0.10979746 0.79931414 0.55858427 0.22154179 -0.11594246 -0.21838859 0.96894985
0.58962232 -0.80018133 -0.10979746 0.79931414 0.55858427 0.22154179 -0.11594246 -0.21838859 0.96894985
-0.22336136 0.91034853 0.34838954 0.94992346 0.12316574 0.28718555 0.21852927 0.39508957 -0.89227188
-0.22336136 0.91034853 0.34838954 0.94992346 0.12316574 0.28718555 0.21852927 0.39508957 -0.89227188
-0.041151613 0.99402428 0.10110587 -0.98609674 -0.024100035 -0.16441628 -0.16099711 -0.10646605 0.98119575
-0.041151613 0.99402428 0.10110587 -0.98609674 -0.024100035 -0.16441628 -0.16099711 -0.10646605 0.98119575
-0.29742977 0.30805296 -0.90368074 0.71817136 0.69586575 0.00083874166 0.62909889 -0.64874822 -0.42820597
-0.29742977 0.30805296 -0.90368074 0.71817136 0.69586575 0.00083874166 0.62909889 -0.64874822 -0.42820597
-0.046375826 -0.95445478 -0.29472929 0.97221601 -0.11089671 0.20615046 -0.2294458 -0.27698019 0.93307912
-0.046375826 -0.95445478 -0.29472929 0.97221601 -0.11089671 0.20615046 -0.2294458 -0.27698019 0.93307912
-0.20420887 0.4375214 -0.87571341 0.73153728 0.66264576 0.16048096 0.65050149 -0.60784519 -0.4553813
-0.20420887 0.4375214 -0.87571341 0.73153728 0.66264576 0.16048096 0.65050149 -0.60784519 -0.4553813
-0.65130872 0.0019246138 -0.75881058 0.40304604 0.84815049 -0.34379467 0.64292383 -0.52975196 -0.55318332
-0.65130872 0.0019246138 -0.75881058 0.40304604 0.84815049 -0.34379467 0.64292383 -0.52975196 -0.55318332
-0.050862014 0.98969537 0.13385127 -0.99526739 -0.039117962 -0.088952757 -0.082800142 -0.1377421 0.98700112
-0.050862014 0.98969537 0.13385127 -0.99526739 -0.039117962 -0.088952757 -0.082800142 -0.1377421 0.98700112
-0.034483463 0.99422848 0.10159101 -0.99857104 -0.030123325 -0.044144843 -0.0408298 -0.10296799 0.99384642
-0.034483463 0.99422848 0.10159101 -0.99857104 -0.030123325 -0.044144843 -0.0408298 -0.10296799 0.99384642
-0.23540592 0.91668612 0.3229098 -0.96405905 -0.17813149 -0.19712794 -0.12318405 -0.35770908 0.92567265
-0.23540592 0.91668612 0.3229098 -0.96405905 -0.17813149 -0.19712794 -0.12318405 -0.35770908 0.92567265
-0.20205022 0.95299292 0.22578791 -0.97935665 -0.19518475 -0.052569445 -0.0060279402 -0.23174863 0.9727571
