ply
format ascii 1.0
comment PCL generated
element vertex 342
property list uint float x_axis
property list uint float y_axis
property list uint float z_axis
element camera 1
property float view_px
property float view_py
property float view_pz
property float x_axisx
property float x_axisy
property float x_axisz
property float y_axisx
property float y_axisy
property float y_axisz
property float z_axisx
property float z_axisy
property float z_axisz
property float focal
property float scalex
property float scaley
property float centerx
property float centery
property int viewportx
property int viewporty
property float k1
property float k2
end_header
3 0.049270488 -0.96442807 -0.25971314 3 0.92640018 0.14131527 -0.34901667 3 0.37330291 -0.22340202 0.90040904
3 0.049270488 -0.96442807 -0.25971314 3 0.92640018 0.14131527 -0.34901667 3 0.37330291 -0.22340202 0.90040904
3 -0.22645134 -0.91912317 -0.32238573 3 0.89579093 -0.066559121 -0.4394643 3 0.38246405 -0.38830742 0.83841443
3 -0.22645134 -0.91912317 -0.32238573 3 0.89579093 -0.066559121 -0.4394643 3 0.38246405 -0.38830742 0.83841443
3 0.17105868 -0.97317445 -0.15385199 3 0.91709143 0.2143444 -0.33615446 3 0.36011425 -0.083594255 0.92915541
3 0.17105868 -0.97317445 -0.15385199 3 0.91709143 0.2143444 -0.33615446 3 0.36011425 -0.083594255 0.92915541
3 -0.062263202 -0.98001009 -0.18895431 3 0.96969795 -0.014587451 -0.24387193 3 0.23624054 -0.19841281 0.95122182
3 -0.062263202 -0.98001009 -0.18895431 3 0.96969795 -0.014587451 -0.24387193 3 0.23624054 -0.19841281 0.95122182
3 -0.25576046 0.84148395 -0.47591126 3 -0.87156141 0.012297928 0.49013227 3 0.41829109 0.54014224 0.73025954
3 -0.25576046 0.84148395 -0.47591126 3 -0.87156141 0.012297928 0.49013227 3 0.41829109 0.54014224 0.73025954
3 -0.055713821 -0.98264325 -0.17694138 3 0.96562582 -0.0079650395 -0.25981438 3 0.25389549 -0.18533458 0.94930941
3 -0.055713821 -0.98264325 -0.17694138 3 0.96562582 -0.0079650395 -0.25981438 3 0.25389549 -0.18533458 0.94930941
3 -0.053668741 -0.95181382 -0.30194387 3 0.94182205 0.052224524 -0.33203 3 0.33179963 -0.30219698 0.89363641
3 -0.053668741 -0.95181382 -0.30194387 3 0.94182205 0.052224524 -0.33203 3 0.33179963 -0.30219698 0.89363641
3 -0.24203007 -0.91074163 -0.33462113 3 0.91010249 -0.093538679 -0.40368819 3 0.33635557 -0.40224418 0.85150725
3 -0.24203007 -0.91074163 -0.33462113 3 0.91010249 -0.093538679 -0.40368819 3 0.33635557 -0.40224418 0.85150725
3 -0.66891193 0.65019548 -0.36028141 3 -0.72780252 -0.47427729 0.49534282 3 0.15119642 0.59355438 0.79046363
3 -0.66891193 0.65019548 -0.36028141 3 -0.72780252 -0.47427729 0.49534282 3 0.15119642 0.59355438 0.79046363
3 0.25973791 -0.94256574 -0.21001476 3 -0.91224289 -0.31083375 0.26682496 3 -0.31677964 0.12227977 -0.94058412
3 0.25973791 -0.94256574 -0.21001476 3 -0.91224289 -0.31083375 0.26682496 3 -0.31677964 0.12227977 -0.94058412
3 -0.30278841 0.81263119 -0.4979457 3 -0.88597047 -0.047444656 0.46130854 3 0.3512488 0.58084387 0.73433286
3 -0.30278841 0.81263119 -0.4979457 3 -0.88597047 -0.047444656 0.46130854 3 0.3512488 0.58084387 0.73433286
3 0.88250279 -0.37609804 -0.28238112 3 0.32828832 0.92255807 -0.20276469 3 0.3367725 0.08623793 0.93762863
3 0.88250279 -0.37609804 -0.28238112 3 0.32828832 0.92255807 -0.20276469 3 0.3367725 0.08623793 0.93762863
3 -0.10952112 -0.97548699 -0.19086751 3 0.98095626 -0.075086124 -0.17912894 3 0.16040641 -0.20685115 0.96513343
3 -0.10952112 -0.97548699 -0.19086751 3 0.98095626 -0.075086124 -0.17912894 3 0.16040641 -0.20685115 0.96513343
3 -0.195218 -0.973207 -0.12148321 3 0.95755744 -0.162348 -0.23817478 3 0.21207079 -0.16282307 0.96359473
3 -0.195218 -0.973207 -0.12148321 3 0.95755744 -0.162348 -0.23817478 3 0.21207079 -0.16282307 0.96359473
3 -0.6182164 -0.68421477 -0.3868573 3 0.75834697 -0.38979393 -0.52246588 3 0.20668437 -0.61636895 0.75984931
3 -0.6182164 -0.68421477 -0.3868573 3 0.75834697 -0.38979393 -0.52246588 3 0.20668437 -0.61636895 0.75984931
3 -0.81395626 0.49663723 -0.30137491 3 -0.57167095 -0.59253347 0.56753558 3 0.10328452 0.6342364 0.76620924
3 -0.81395626 0.49663723 -0.30137491 3 -0.57167095 -0.59253347 0.56753558 3 0.10328452 0.6342364 0.76620924
3 0.67413384 0.55777001 -0.48418608 3 -0.65399706 0.7554211 -0.04033637 3 0.34326604 0.34384844 0.87403482
3 0.67413384 0.55777001 -0.48418608 3 -0.65399706 0.7554211 -0.04033637 3 0.34326604 0.34384844 0.87403482
3 -0.25968677 -0.95905638 -0.11302064 3 -0.95876271 0.24205522 0.1489408 3 -0.1154854 0.14703789 -0.98236603
3 -0.25968677 -0.95905638 -0.11302064 3 -0.95876271 0.24205522 0.1489408 3 -0.1154854 0.14703789 -0.98236603
3 0.19199741 -0.82407016 -0.53295916 3 0.96356952 0.26132613 -0.056942828 3 0.18620104 -0.50261033 0.84422272
3 0.19199741 -0.82407016 -0.53295916 3 0.96356952 0.26132613 -0.056942828 3 0.18620104 -0.50261033 0.84422272
3 0.93571997 -0.27942598 -0.21528882 3 0.25043052 0.95606035 -0.15242434 3 0.24842036 0.088711612 0.96458155
3 0.93571997 -0.27942598 -0.21528882 3 0.25043052 0.95606035 -0.15242434 3 0.24842036 0.088711612 0.96458155
3 0.81362045 -0.52747804 -0.24451756 3 0.5384261 0.84228951 -0.025416255 3 0.21936095 -0.11097537 0.96931177
3 0.81362045 -0.52747804 -0.24451756 3 0.5384261 0.84228951 -0.025416255 3 0.21936095 -0.11097537 0.96931177
3 -0.17929122 -0.96515745 -0.19059315 3 0.98188865 -0.16349505 -0.095730305 3 0.061233781 -0.20430487 0.97699034
3 -0.17929122 -0.96515745 -0.19059315 3 0.98188865 -0.16349505 -0.095730305 3 0.061233781 -0.20430487 0.97699034
3 0.53593582 0.5418002 -0.6474762 3 -0.81739974 0.52489924 -0.23735744 3 0.21125954 0.65645528 0.72417945
3 0.53593582 0.5418002 -0.6474762 3 -0.81739974 0.52489924 -0.23735744 3 0.21125954 0.65645528 0.72417945
3 0.55487424 0.59262484 -0.58387542 3 -0.79566121 0.58300686 -0.16439733 3 0.24297756 0.55578697 0.79502386
3 0.55487424 0.59262484 -0.58387542 3 -0.79566121 0.58300686 -0.16439733 3 0.24297756 0.55578697 0.79502386
3 0.47804576 -0.82908511 -0.289983 3 0.87385046 0.48225671 0.061757572 3 0.088643797 -0.28292441 0.9550373
3 0.47804576 -0.82908511 -0.289983 3 0.87385046 0.48225671 0.061757572 3 0.088643797 -0.28292441 0.9550373
3 0.88729572 -0.35451746 -0.29499766 3 0.45165193 0.79741228 0.40018028 3 0.093363762 -0.48831451 0.86765903
3 0.88729572 -0.35451746 -0.29499766 3 0.45165193 0.79741228 0.40018028 3 0.093363762 -0.48831451 0.86765903
3 0.13272831 -0.80519336 -0.57796788 3 0.99037921 0.13077243 0.045252115 3 0.039145537 -0.57841349 0.81480402
3 0.13272831 -0.80519336 -0.57796788 3 0.99037921 0.13077243 0.045252115 3 0.039145537 -0.57841349 0.81480402
3 0.94295549 -0.28835422 -0.16639408 3 -0.31035772 -0.94224191 -0.12593053 3 -0.12047083 0.17038853 -0.97798496
3 0.94295549 -0.28835422 -0.16639408 3 -0.31035772 -0.94224191 -0.12593053 3 -0.12047083 0.17038853 -0.97798496
3 -0.089015275 0.98736161 0.1311233 3 -0.9958781 -0.085925601 -0.029046848 3 -0.017412893 -0.13316844 0.99094051
3 -0.089015275 0.98736161 0.1311233 3 -0.9958781 -0.085925601 -0.029046848 3 -0.017412893 -0.13316844 0.99094051
3 -0.93259764 -0.35680696 -0.054318275 3 0.36083484 -0.91853553 -0.16152629 3 0.0077403933 -0.17023897 0.98537242
3 -0.93259764 -0.35680696 -0.054318275 3 0.36083484 -0.91853553 -0.16152629 3 0.0077403933 -0.17023897 0.98537242
3 0.92627895 -0.34404716 0.15374973 3 -0.33970314 -0.58572769 0.73588377 3 -0.16312324 -0.73386288 -0.65942103
3 0.92627895 -0.34404716 0.15374973 3 -0.33970314 -0.58572769 0.73588377 3 -0.16312324 -0.73386288 -0.65942103
3 0.98972428 -0.13316855 -0.052077681 3 0.14289364 0.90780824 0.39429158 3 -0.0052307076 -0.39768147 0.91750872
3 0.98972428 -0.13316855 -0.052077681 3 0.14289364 0.90780824 0.39429158 3 -0.0052307076 -0.39768147 0.91750872
3 -0.78908575 0.49267727 -0.366896 3 0.59775972 0.47825384 -0.64339459 3 -0.14151649 -0.72700924 -0.67188603
3 -0.78908575 0.49267727 -0.366896 3 0.59775972 0.47825384 -0.64339459 3 -0.14151649 -0.72700924 -0.67188603
3 0.090473302 0.70164579 -0.70675868 3 0.98203611 -0.18085204 -0.053831708 3 -0.16558954 -0.68919224 -0.70540363
3 0.090473302 0.70164579 -0.70675868 3 0.98203611 -0.18085204 -0.053831708 3 -0.16558954 -0.68919224 -0.70540363
3 -0.96793056 -0.23356661 -0.092504211 3 -0.24930565 0.93841714 0.23920697 3 0.03093674 0.25459757 -0.96655214
3 -0.96793056 -0.23356661 -0.092504211 3 -0.24930565 0.93841714 0.23920697 3 0.03093674 0.25459757 -0.96655214
3 0.98414874 -0.16478111 -0.065562621 3 0.1694748 0.98275572 0.073957197 3 0.052245289 -0.083896093 0.99510401
3 0.98414874 -0.16478111 -0.065562621 3 0.1694748 0.98275572 0.073957197 3 0.052245289 -0.083896093 0.99510401
3 0.92396855 -0.38149112 0.027325898 3 0.29101074 0.65486664 -0.69746876 3 0.24818338 0.65239125 0.71609414
3 0.92396855 -0.38149112 0.027325898 3 0.29101074 0.65486664 -0.69746876 3 0.24818338 0.65239125 0.71609414
3 0.97500944 -0.22110644 0.021647399 3 0.18630014 0.86680871 0.46253118 3 -0.12103277 -0.44693932 0.88633877
3 0.97500944 -0.22110644 0.021647399 3 0.18630014 0.86680871 0.46253118 3 -0.12103277 -0.44693932 0.88633877
3 0.90218735 -0.39769569 -0.16702136 3 -0.39446235 -0.60402042 -0.6925019 3 0.17452084 0.69064999 -0.70181555
3 0.90218735 -0.39769569 -0.16702136 3 -0.39446235 -0.60402042 -0.6925019 3 0.17452084 0.69064999 -0.70181555
3 0.99863052 0.052264355 -0.0023432146 3 -0.050676551 0.97747684 0.20486791 3 0.012997737 -0.20446861 0.97878683
3 0.99863052 0.052264355 -0.0023432146 3 -0.050676551 0.97747684 0.20486791 3 0.012997737 -0.20446861 0.97878683
3 0.93935311 -0.34211639 -0.023920665 3 -0.2170586 -0.64708257 0.73086929 3 -0.26552093 -0.68135208 -0.68209827
3 0.93935311 -0.34211639 -0.023920665 3 -0.2170586 -0.64708257 0.73086929 3 -0.26552093 -0.68135208 -0.68209827
3 -0.85692751 0.47565553 -0.19856293 3 0.46046257 0.53333366 -0.70959836 3 -0.23162416 -0.69950497 -0.67604971
3 -0.85692751 0.47565553 -0.19856293 3 0.46046257 0.53333366 -0.70959836 3 -0.23162416 -0.69950497 -0.67604971
3 0.96484065 -0.26052201 -0.034798365 3 0.24088523 0.92944574 -0.27947307 3 0.10515204 0.26126453 0.95952278
3 0.96484065 -0.26052201 -0.034798365 3 0.24088523 0.92944574 -0.27947307 3 0.10515204 0.26126453 0.95952278
3 0.48591956 -0.87023503 -0.081075445 3 0.86232007 0.46223968 0.20673341 3 -0.14243047 -0.17036858 0.97503239
3 0.48591956 -0.87023503 -0.081075445 3 0.86232007 0.46223968 0.20673341 3 -0.14243047 -0.17036858 0.97503239
3 0.50033373 -0.86566627 -0.016969277 3 0.84911734 0.48674786 0.20512487 3 -0.16930981 -0.11704004 0.9785887
3 0.50033373 -0.86566627 -0.016969277 3 0.84911734 0.48674786 0.20512487 3 -0.16930981 -0.11704004 0.9785887
3 -0.91258192 0.40024066 0.083676673 3 0.22680949 0.66576076 -0.71085894 3 -0.34022331 -0.62973821 -0.69833952
3 -0.91258192 0.40024066 0.083676673 3 0.22680949 0.66576076 -0.71085894 3 -0.34022331 -0.62973821 -0.69833952
3 0.93249321 0.30549929 0.19268256 3 0.3520911 -0.88782811 -0.29629928 3 0.080549762 0.34413889 -0.93545729
3 0.93249321 0.30549929 0.19268256 3 0.3520911 -0.88782811 -0.29629928 3 0.080549762 0.34413889 -0.93545729
3 0.97261417 -0.099429704 0.21008459 3 0.05541243 0.97701049 0.20586441 3 -0.22572398 -0.18858531 0.9557637
3 0.97261417 -0.099429704 0.21008459 3 0.05541243 0.97701049 0.20586441 3 -0.22572398 -0.18858531 0.9557637
3 0.95293224 -0.24623002 0.17689256 3 0.14402381 0.88105917 0.45054638 3 -0.26679081 -0.4038634 0.87505263
3 0.95293224 -0.24623002 0.17689256 3 0.14402381 0.88105917 0.45054638 3 -0.26679081 -0.4038634 0.87505263
3 0.49483955 0.8682515 0.035681359 3 0.86893016 -0.49485019 -0.0091534611 3 0.0097094541 0.035534162 -0.99932134
3 0.49483955 0.8682515 0.035681359 3 0.86893016 -0.49485019 -0.0091534611 3 0.0097094541 0.035534162 -0.99932134
3 0.59916466 -0.75648469 -0.26216945 3 0.79857683 0.54126841 0.26325616 3 -0.057245206 -0.36709613 0.92841989
3 0.59916466 -0.75648469 -0.26216945 3 0.79857683 0.54126841 0.26325616 3 -0.057245206 -0.36709613 0.92841989
3 0.1218916 0.97349137 0.19353808 3 0.97460121 -0.15429898 0.16230926 3 0.18786938 0.16883826 -0.96757364
3 0.1218916 0.97349137 0.19353808 3 0.97460121 -0.15429898 0.16230926 3 0.18786938 0.16883826 -0.96757364
3 0.25034583 -0.89392781 -0.3717795 3 0.96493906 0.19910325 0.17102757 3 -0.078863807 -0.4015606 0.91243058
3 0.25034583 -0.89392781 -0.3717795 3 0.96493906 0.19910325 0.17102757 3 -0.078863807 -0.4015606 0.91243058
3 0.04248834 -0.94108111 -0.33550134 3 -0.99627179 -0.014671918 -0.08501447 3 0.075083062 0.33786264 -0.93819588
3 0.04248834 -0.94108111 -0.33550134 3 -0.99627179 -0.014671918 -0.08501447 3 0.075083062 0.33786264 -0.93819588
3 0.63476247 0.73395163 0.24164365 3 0.76751423 -0.63506877 -0.087233819 3 0.089434914 0.24083769 -0.96643609
3 0.63476247 0.73395163 0.24164365 3 0.76751423 -0.63506877 -0.087233819 3 0.089434914 0.24083769 -0.96643609
3 -0.088106759 -0.97804779 -0.18883808 3 -0.99039727 0.10628878 -0.088408098 3 0.1065387 0.17923534 -0.97802055
3 -0.088106759 -0.97804779 -0.18883808 3 -0.99039727 0.10628878 -0.088408098 3 0.1065387 0.17923534 -0.97802055
3 -0.90126836 0.42873308 0.062476985 3 -0.31202191 -0.74232942 0.59294981 3 0.30059564 0.51491266 0.8028121
3 -0.90126836 0.42873308 0.062476985 3 -0.31202191 -0.74232942 0.59294981 3 0.30059564 0.51491266 0.8028121
3 0.55928332 -0.82002968 -0.12146434 3 0.81873327 0.52344805 0.23596203 3 -0.12991558 -0.23141654 0.96414125
3 0.55928332 -0.82002968 -0.12146434 3 0.81873327 0.52344805 0.23596203 3 -0.12991558 -0.23141654 0.96414125
3 0.22025105 -0.74580997 0.62869465 3 0.95302343 0.02713941 -0.30167839 3 0.20793234 0.66560578 0.71675187
3 0.22025105 -0.74580997 0.62869465 3 0.95302343 0.02713941 -0.30167839 3 0.20793234 0.66560578 0.71675187
3 -0.83188975 0.55459422 -0.019617531 3 -0.55025584 -0.82893473 -0.10042924 3 -0.071959026 -0.072751448 0.99475086
3 -0.83188975 0.55459422 -0.019617531 3 -0.55025584 -0.82893473 -0.10042924 3 -0.071959026 -0.072751448 0.99475086
3 0.01535936 0.82036871 -0.57162875 3 -0.99296618 0.079638675 0.087612368 3 0.11739819 0.5662623 0.81582141
3 0.01535936 0.82036871 -0.57162875 3 -0.99296618 0.079638675 0.087612368 3 0.11739819 0.5662623 0.81582141
3 -0.9424516 0.32940987 0.057220697 3 0.22783902 0.75801498 -0.61114872 3 -0.24469261 -0.56294096 -0.78944474
3 -0.9424516 0.32940987 0.057220697 3 0.22783902 0.75801498 -0.61114872 3 -0.24469261 -0.56294096 -0.78944474
3 0.22519307 -0.95047176 -0.21422356 3 -0.97364497 -0.2276798 -0.013326667 3 -0.036107838 0.2115791 -0.97669369
3 0.22519307 -0.95047176 -0.21422356 3 -0.97364497 -0.2276798 -0.013326667 3 -0.036107838 0.2115791 -0.97669369
3 -0.85863662 -0.4681704 -0.20870975 3 0.49724761 -0.85962951 -0.11739707 3 -0.12445119 -0.2045818 0.9709059
3 -0.85863662 -0.4681704 -0.20870975 3 0.49724761 -0.85962951 -0.11739707 3 -0.12445119 -0.2045818 0.9709059
3 0.57059389 -0.74614114 -0.34306863 3 -0.82109785 -0.51077384 -0.25477138 3 0.014864944 0.42706388 -0.90409929
3 0.57059389 -0.74614114 -0.34306863 3 -0.82109785 -0.51077384 -0.25477138 3 0.014864944 0.42706388 -0.90409929
3 -0.22676593 -0.76531917 0.60238177 3 -0.97085267 0.22690445 -0.077196874 3 -0.077602781 -0.60232931 -0.79446656
3 -0.22676593 -0.76531917 0.60238177 3 -0.97085267 0.22690445 -0.077196874 3 -0.077602781 -0.60232931 -0.79446656
3 -0.88565505 0.40152228 0.23322719 3 -0.4628678 -0.72338516 -0.51231569 3 -0.036993079 -0.56168836 0.82652152
3 -0.88565505 0.40152228 0.23322719 3 -0.4628678 -0.72338516 -0.51231569 3 -0.036993079 -0.56168836 0.82652152
3 -0.96032321 0.2261464 -0.16320886 3 -0.253259 -0.95220482 0.17077994 3 -0.11678705 0.20533806 0.97169799
3 -0.96032321 0.2261464 -0.16320886 3 -0.253259 -0.95220482 0.17077994 3 -0.11678705 0.20533806 0.97169799
3 0.92363811 -0.38324913 -0.0035851826 3 -0.31105825 -0.75505596 0.57717705 3 -0.22390969 -0.53198743 -0.81661117
3 0.92363811 -0.38324913 -0.0035851826 3 -0.31105825 -0.75505596 0.57717705 3 -0.22390969 -0.53198743 -0.81661117
3 -0.014224901 -0.95491588 -0.29653552 3 -0.99682742 0.036770605 -0.070592098 3 0.078313306 0.29459059 -0.95240939
3 -0.014224901 -0.95491588 -0.29653552 3 -0.99682742 0.036770605 -0.070592098 3 0.078313306 0.29459059 -0.95240939
3 -0.55818629 0.82965761 0.0098226415 3 -0.80903351 -0.5416075 -0.22831212 3 -0.18410088 -0.13538745 0.97353852
3 -0.55818629 0.82965761 0.0098226415 3 -0.80903351 -0.5416075 -0.22831212 3 -0.18410088 -0.13538745 0.97353852
3 -0.98578024 -0.045793571 0.16168001 3 0.014551403 -0.98180008 -0.18935949 3 0.16740891 -0.18431415 0.96850532
3 -0.98578024 -0.045793571 0.16168001 3 0.014551403 -0.98180008 -0.18935949 3 0.16740891 -0.18431415 0.96850532
3 -0.89845681 0.33687884 0.28158125 3 -0.41415998 -0.86317271 -0.28879848 3 0.14576314 -0.37609264 0.91504514
3 -0.89845681 0.33687884 0.28158125 3 -0.41415998 -0.86317271 -0.28879848 3 0.14576314 -0.37609264 0.91504514
3 0.86585623 -0.48485124 0.12333784 3 0.47732031 0.72675246 -0.4939599 3 0.14986098 0.48656994 0.8606925
3 0.86585623 -0.48485124 0.12333784 3 0.47732031 0.72675246 -0.4939599 3 0.14986098 0.48656994 0.8606925
3 -0.91575313 -0.23593059 0.32516593 3 -0.36566746 0.82471752 -0.4314259 3 -0.1663834 -0.51398224 -0.84150988
3 -0.91575313 -0.23593059 0.32516593 3 -0.36566746 0.82471752 -0.4314259 3 -0.1663834 -0.51398224 -0.84150988
3 -0.85877037 0.41814464 -0.29608884 3 -0.49746728 -0.81880397 0.28650749 3 -0.12263704 0.39333856 0.91117781
3 -0.85877037 0.41814464 -0.29608884 3 -0.49746728 -0.81880397 0.28650749 3 -0.12263704 0.39333856 0.91117781
3 0.86434442 -0.43386033 -0.25431097 3 -0.47407943 -0.87168157 -0.12417813 3 -0.16780226 0.22789627 -0.95911723
3 0.86434442 -0.43386033 -0.25431097 3 -0.47407943 -0.87168157 -0.12417813 3 -0.16780226 0.22789627 -0.95911723
3 0.97858685 -0.1609419 -0.12831812 3 0.066773102 0.83790857 -0.54171091 3 0.19470285 0.52154297 0.83071285
3 0.97858685 -0.1609419 -0.12831812 3 0.066773102 0.83790857 -0.54171091 3 0.19470285 0.52154297 0.83071285
3 -0.81383938 0.55727631 -0.16464721 3 0.53140831 0.82839227 0.17712066 3 0.23509771 0.05665281 -0.97031939
3 -0.81383938 0.55727631 -0.16464721 3 0.53140831 0.82839227 0.17712066 3 0.23509771 0.05665281 -0.97031939
3 -0.56533217 -0.80094159 -0.19721119 3 0.82255083 -0.52950764 -0.20744136 3 0.061723512 -0.27948955 0.95816272
3 -0.56533217 -0.80094159 -0.19721119 3 0.82255083 -0.52950764 -0.20744136 3 0.061723512 -0.27948955 0.95816272
3 0.93303359 -0.25351465 -0.25530109 3 0.31175199 0.92388386 0.22192228 3 0.17960806 -0.28665158 0.94104832
3 0.93303359 -0.25351465 -0.25530109 3 0.31175199 0.92388386 0.22192228 3 0.17960806 -0.28665158 0.94104832
3 -0.92562985 0.24362025 0.2895835 3 -0.33919266 -0.87341732 -0.34941462 3 0.16780272 -0.42165318 0.89109528
3 -0.92562985 0.24362025 0.2895835 3 -0.33919266 -0.87341732 -0.34941462 3 0.16780272 -0.42165318 0.89109528
3 0.95387661 -0.17521769 0.24375866 3 0.16072787 0.98389012 0.078275695 3 -0.25354704 -0.035486527 0.966672
3 0.95387661 -0.17521769 0.24375866 3 0.16072787 0.98389012 0.078275695 3 -0.25354704 -0.035486527 0.966672
3 0.98383319 0.096333578 -0.15097074 3 0.063211799 -0.97553706 -0.2105515 3 -0.16756073 0.1976044 -0.96585512
3 0.98383319 0.096333578 -0.15097074 3 0.063211799 -0.97553706 -0.2105515 3 -0.16756073 0.1976044 -0.96585512
3 0.96963763 -0.1599714 -0.1849653 3 0.19226992 0.96608126 0.17239328 3 0.15111348 -0.20272225 0.96750629
3 0.96963763 -0.1599714 -0.1849653 3 0.19226992 0.96608126 0.17239328 3 0.15111348 -0.20272225 0.96750629
3 0.73638421 0.46761808 -0.4889496 3 0.64285749 -0.70887256 0.29023126 3 -0.21088579 -0.52804673 -0.82261413
3 0.73638421 0.46761808 -0.4889496 3 0.64285749 -0.70887256 0.29023126 3 -0.21088579 -0.52804673 -0.82261413
3 0.13428177 0.92564029 -0.35377747 3 0.9889496 -0.14781535 -0.011379875 3 -0.062827393 -0.34833986 -0.93526047
3 0.13428177 0.92564029 -0.35377747 3 0.9889496 -0.14781535 -0.011379875 3 -0.062827393 -0.34833986 -0.93526047
3 0.76784164 -0.59062165 0.24816382 3 -0.61548519 -0.57261539 0.5415622 3 -0.17775609 -0.56857508 -0.80319685
3 0.76784164 -0.59062165 0.24816382 3 -0.61548519 -0.57261539 0.5415622 3 -0.17775609 -0.56857508 -0.80319685
3 0.66845167 -0.73404819 0.11977373 3 -0.73184878 -0.67786562 -0.069969609 3 0.13255143 -0.040884819 -0.9903326
3 0.66845167 -0.73404819 0.11977373 3 -0.73184878 -0.67786562 -0.069969609 3 0.13255143 -0.040884819 -0.9903326
3 -0.99056363 -0.12551741 -0.055037145 3 0.13694967 -0.89085495 -0.43315393 3 0.0053382376 -0.43660384 0.89963806
3 -0.99056363 -0.12551741 -0.055037145 3 0.13694967 -0.89085495 -0.43315393 3 0.0053382376 -0.43660384 0.89963806
3 0.98899281 0.14626521 0.022354171 3 0.10490637 -0.58660674 -0.80304873 3 -0.10434502 0.79655451 -0.59549403
3 0.98899281 0.14626521 0.022354171 3 0.10490637 -0.58660674 -0.80304873 3 -0.10434502 0.79655451 -0.59549403
3 -0.86334813 -0.50268519 -0.044019423 3 0.5045777 -0.85903287 -0.086395569 3 0.0056156269 -0.09680067 0.99528801
3 -0.86334813 -0.50268519 -0.044019423 3 0.5045777 -0.85903287 -0.086395569 3 0.0056156269 -0.09680067 0.99528801
3 -0.21083738 0.95225513 -0.22081177 3 -0.97131747 -0.17867534 0.15690067 3 0.10995585 0.24755885 0.9626134
3 -0.21083738 0.95225513 -0.22081177 3 -0.97131747 -0.17867534 0.15690067 3 0.10995585 0.24755885 0.9626134
3 0.68771529 -0.72218454 0.074143842 3 0.71526587 0.69150418 0.10107878 3 -0.1242682 -0.016480949 0.9921118
3 0.68771529 -0.72218454 0.074143842 3 0.71526587 0.69150418 0.10107878 3 -0.1242682 -0.016480949 0.9921118
3 0.65123934 0.75656605 0.059121355 3 -0.75387239 0.6360535 0.16465944 3 0.086971499 -0.15180251 0.98457712
3 0.65123934 0.75656605 0.059121355 3 -0.75387239 0.6360535 0.16465944 3 0.086971499 -0.15180251 0.98457712
3 0.87719607 -0.45926839 0.1399985 3 0.46720022 0.74925965 -0.4693974 3 0.11068419 0.47716087 0.87181789
3 0.87719607 -0.45926839 0.1399985 3 0.46720022 0.74925965 -0.4693974 3 0.11068419 0.47716087 0.87181789
3 0.72864807 0.4823302 -0.48624024 3 -0.64120752 0.72990507 -0.23683634 3 0.24067567 0.4843511 0.8411178
3 0.72864807 0.4823302 -0.48624024 3 -0.64120752 0.72990507 -0.23683634 3 0.24067567 0.4843511 0.8411178
3 0.84805644 -0.49771422 0.1818818 3 -0.50259089 -0.64670038 0.57374328 3 -0.16793709 -0.57797873 -0.79858494
3 0.84805644 -0.49771422 0.1818818 3 -0.50259089 -0.64670038 0.57374328 3 -0.16793709 -0.57797873 -0.79858494
3 -0.51662129 0.83059436 0.20788363 3 -0.85521019 -0.5123291 -0.07832332 3 0.041449692 -0.21824729 0.97501284
3 -0.51662129 0.83059436 0.20788363 3 -0.85521019 -0.5123291 -0.07832332 3 0.041449692 -0.21824729 0.97501284
3 0.95908952 -0.15370685 -0.23774287 3 0.27804744 0.66942322 0.68888491 3 0.053264264 -0.72680593 0.68477452
3 0.95908952 -0.15370685 -0.23774287 3 0.27804744 0.66942322 0.68888491 3 0.053264264 -0.72680593 0.68477452
3 0.99436867 0.026149277 0.10270012 3 -0.055454463 0.95420575 0.29396644 3 -0.09031 -0.29800615 0.95028228
3 0.99436867 0.026149277 0.10270012 3 -0.055454463 0.95420575 0.29396644 3 -0.09031 -0.29800615 0.95028228
3 -0.34523001 0.9307946 0.12015659 3 0.93742841 0.34815937 -0.0036324188 3 -0.045214728 0.11138431 -0.99274838
3 -0.34523001 0.9307946 0.12015659 3 0.93742841 0.34815937 -0.0036324188 3 -0.045214728 0.11138431 -0.99274838
3 0.024789132 -0.78934932 0.61344373 3 -0.98004293 0.10187796 0.17069489 3 -0.19723427 -0.60543257 -0.77107072
3 0.024789132 -0.78934932 0.61344373 3 -0.98004293 0.10187796 0.17069489 3 -0.19723427 -0.60543257 -0.77107072
3 0.4979578 -0.86716193 -0.008261282 3 -0.86715877 -0.49800521 0.0051699569 3 -0.0085973153 0.0045893597 -0.99995261
3 0.4979578 -0.86716193 -0.008261282 3 -0.86715877 -0.49800521 0.0051699569 3 -0.0085973153 0.0045893597 -0.99995261
3 -0.049583998 0.99312085 -0.10607745 3 0.99260986 0.03722167 -0.11550001 3 -0.11075708 -0.11102054 -0.98762709
3 -0.049583998 0.99312085 -0.10607745 3 0.99260986 0.03722167 -0.11550001 3 -0.11075708 -0.11102054 -0.98762709
3 0.84919345 -0.3486861 -0.39659628 3 -0.52665508 -0.6143688 -0.58752489 3 -0.038794685 0.70779169 -0.70535517
3 0.84919345 -0.3486861 -0.39659628 3 -0.52665508 -0.6143688 -0.58752489 3 -0.038794685 0.70779169 -0.70535517
3 -0.79949397 0.59898078 -0.045071825 3 -0.59191996 -0.77285731 0.22874106 3 0.10217739 0.20955603 0.97244334
3 -0.79949397 0.59898078 -0.045071825 3 -0.59191996 -0.77285731 0.22874106 3 0.10217739 0.20955603 0.97244334
3 0.98231077 -0.18234663 -0.042607088 3 0.18342088 0.98277014 0.022801263 3 0.037715312 -0.030212967 0.99883175
3 0.98231077 -0.18234663 -0.042607088 3 0.18342088 0.98277014 0.022801263 3 0.037715312 -0.030212967 0.99883175
3 -0.78213805 0.61137187 0.12035186 3 -0.62307364 -0.76542485 -0.16094759 3 -0.0062785861 -0.20087124 0.97959757
3 -0.78213805 0.61137187 0.12035186 3 -0.62307364 -0.76542485 -0.16094759 3 -0.0062785861 -0.20087124 0.97959757
3 -0.31964681 -0.7505343 -0.57838082 3 0.93862021 -0.33434999 -0.084867619 3 -0.12968561 -0.57000762 0.81134027
3 -0.31964681 -0.7505343 -0.57838082 3 0.93862021 -0.33434999 -0.084867619 3 -0.12968561 -0.57000762 0.81134027
3 0.63310748 -0.77206081 -0.055651296 3 -0.77405864 -0.63119823 -0.049215022 3 0.0028699837 0.074235767 -0.99723661
3 0.63310748 -0.77206081 -0.055651296 3 -0.77405864 -0.63119823 -0.049215022 3 0.0028699837 0.074235767 -0.99723661
3 -0.86919367 -0.40919763 -0.27759632 3 -0.47926414 0.8353349 0.26929864 3 0.12168952 0.36711463 -0.92218149
3 -0.86919367 -0.40919763 -0.27759632 3 -0.47926414 0.8353349 0.26929864 3 0.12168952 0.36711463 -0.92218149
3 -0.65580446 -0.60774314 -0.44784915 3 -0.74037534 0.63369447 0.22422273 3 0.14752983 0.47862282 -0.86553752
3 -0.65580446 -0.60774314 -0.44784915 3 -0.74037534 0.63369447 0.22422273 3 0.14752983 0.47862282 -0.86553752
3 -0.9383086 0.34099019 -0.05746983 3 0.30879396 0.75144285 -0.58307827 3 -0.15563866 -0.56485361 -0.81038088
3 -0.9383086 0.34099019 -0.05746983 3 0.30879396 0.75144285 -0.58307827 3 -0.15563866 -0.56485361 -0.81038088
3 0.78359044 0.4449389 -0.43360755 3 -0.60373169 0.7100302 -0.36244369 3 0.14660913 0.54578996 0.82499653
3 0.78359044 0.4449389 -0.43360755 3 -0.60373169 0.7100302 -0.36244369 3 0.14660913 0.54578996 0.82499653
3 -0.8376711 0.54410589 0.047496706 3 -0.54616326 -0.83390963 -0.079375118 3 -0.0035804543 -0.092431232 0.99571264
3 -0.8376711 0.54410589 0.047496706 3 -0.54616326 -0.83390963 -0.079375118 3 -0.0035804543 -0.092431232 0.99571264
3 0.98066676 -0.19567081 -0.0023998423 3 0.17387168 0.87690932 -0.44810593 3 0.089785658 0.43902528 0.89397734
3 0.98066676 -0.19567081 -0.0023998423 3 0.17387168 0.87690932 -0.44810593 3 0.089785658 0.43902528 0.89397734
3 -0.27953809 -0.9574852 0.071278132 3 -0.95829743 0.28282368 0.040950127 3 -0.059368331 -0.056858685 -0.99661559
3 -0.27953809 -0.9574852 0.071278132 3 -0.95829743 0.28282368 0.040950127 3 -0.059368331 -0.056858685 -0.99661559
3 -0.95657647 0.29131112 0.0099614179 3 -0.25881436 -0.86459446 0.43068746 3 0.13407663 0.40940738 0.90244627
3 -0.95657647 0.29131112 0.0099614179 3 -0.25881436 -0.86459446 0.43068746 3 0.13407663 0.40940738 0.90244627
3 0.96421206 -0.25932238 -0.055199869 3 0.26120928 0.9648115 0.030143701 3 0.04544051 -0.04348363 0.99802029
3 0.96421206 -0.25932238 -0.055199869 3 0.26120928 0.9648115 0.030143701 3 0.04544051 -0.04348363 0.99802029
3 -0.51375234 -0.6316635 0.58056855 3 0.84655237 -0.48311704 0.22348925 3 0.13931243 0.60629958 0.78293878
3 -0.51375234 -0.6316635 0.58056855 3 0.84655237 -0.48311704 0.22348925 3 0.13931243 0.60629958 0.78293878
3 -0.85049778 0.52568197 -0.017664263 3 0.522039 0.847754 0.093747839 3 0.064256459 0.070510909 -0.99543935
3 -0.85049778 0.52568197 -0.017664263 3 0.522039 0.847754 0.093747839 3 0.064256459 0.070510909 -0.99543935
3 -0.94432437 0.32886806 -0.0098723611 3 0.32707483 0.94158441 0.080256648 3 0.035689458 0.072559312 -0.99672538
3 -0.94432437 0.32886806 -0.0098723611 3 0.32707483 0.94158441 0.080256648 3 0.035689458 0.072559312 -0.99672538
3 -0.41173807 -0.79968888 -0.43700066 3 -0.9078151 0.40183768 0.11999277 3 0.079646438 0.44612134 -0.89142144
3 -0.41173807 -0.79968888 -0.43700066 3 -0.9078151 0.40183768 0.11999277 3 0.079646438 0.44612134 -0.89142144
3 -0.38019848 -0.92272604 0.063448563 3 0.92437601 -0.38140544 -0.0076656584 3 0.031272933 0.055735867 0.99795568
3 -0.38019848 -0.92272604 0.063448563 3 0.92437601 -0.38140544 -0.0076656584 3 0.031272933 0.055735867 0.99795568
3 0.73026127 -0.66464037 -0.15802407 3 0.68293005 0.70410514 0.19453146 3 -0.018027715 -0.24997835 0.96808362
3 0.73026127 -0.66464037 -0.15802407 3 0.68293005 0.70410514 0.19453146 3 -0.018027715 -0.24997835 0.96808362
3 -0.97545862 -0.17089753 -0.13883282 3 0.2110768 -0.90525877 -0.3687183 3 -0.062666588 -0.3889738 0.91911495
3 -0.97545862 -0.17089753 -0.13883282 3 0.2110768 -0.90525877 -0.3687183 3 -0.062666588 -0.3889738 0.91911495
3 -0.15323831 -0.92635578 -0.34406841 3 -0.98752183 0.15634789 0.018869519 3 0.036314491 0.34266666 -0.93875492
3 -0.15323831 -0.92635578 -0.34406841 3 -0.98752183 0.15634789 0.018869519 3 0.036314491 0.34266666 -0.93875492
3 0.55157894 -0.75224745 -0.36039484 3 0.83212078 0.46632648 0.30019134 3 -0.057756659 -0.46547103 0.88317668
3 0.55157894 -0.75224745 -0.36039484 3 0.83212078 0.46632648 0.30019134 3 -0.057756659 -0.46547103 0.88317668
3 -0.37509558 -0.92310476 0.084740683 3 -0.92696512 0.37413371 -0.027565422 3 -0.006258578 -0.088891335 -0.99602175
3 -0.37509558 -0.92310476 0.084740683 3 -0.92696512 0.37413371 -0.027565422 3 -0.006258578 -0.088891335 -0.99602175
3 -0.86584854 -0.34109598 0.36600521 3 -0.48283118 0.76135457 -0.4326815 3 -0.13107371 -0.55135536 -0.82390958
3 -0.86584854 -0.34109598 0.36600521 3 -0.48283118 0.76135457 -0.4326815 3 -0.13107371 -0.55135536 -0.82390958
3 -0.82389498 -0.4006353 0.40085983 3 -0.55344403 0.72107679 -0.41683137 3 -0.12205335 -0.56527865 -0.81582057
3 -0.82389498 -0.4006353 0.40085983 3 -0.55344403 0.72107679 -0.41683137 3 -0.12205335 -0.56527865 -0.81582057
3 0.73708671 0.50604385 -0.44790936 3 0.67057788 -0.62989581 0.39186314 3 -0.08383622 -0.58919519 -0.8036297
3 0.73708671 0.50604385 -0.44790936 3 0.67057788 -0.62989581 0.39186314 3 -0.08383622 -0.58919519 -0.8036297
3 -0.21053046 0.89810473 -0.38611522 3 -0.97588801 -0.21635531 0.028862972 3 -0.057616092 0.38288167 0.92199892
3 -0.21053046 0.89810473 -0.38611522 3 -0.97588801 -0.21635531 0.028862972 3 -0.057616092 0.38288167 0.92199892
3 0.98513079 -0.17051703 -0.021010717 3 0.17115223 0.98467594 0.033474319 3 0.014980778 -0.036572602 0.99921876
3 0.98513079 -0.17051703 -0.021010717 3 0.17115223 0.98467594 0.033474319 3 0.014980778 -0.036572602 0.99921876
3 -0.41580993 0.7567035 -0.50448197 3 -0.90906405 -0.32963061 0.25484598 3 0.026550036 0.564574 0.8249554
3 -0.41580993 0.7567035 -0.50448197 3 -0.90906405 -0.32963061 0.25484598 3 0.026550036 0.564574 0.8249554
3 -0.37601629 -0.92571813 -0.040714111 3 0.92027599 -0.37821403 0.10023074 3 -0.10818411 0.00022006387 0.99413085
3 -0.37601629 -0.92571813 -0.040714111 3 0.92027599 -0.37821403 0.10023074 3 -0.10818411 0.00022006387 0.99413085
3 -0.82616198 0.52883101 0.19440752 3 -0.56228364 -0.751818 -0.34439364 3 -0.035966918 -0.39383709 0.91847634
3 -0.82616198 0.52883101 0.19440752 3 -0.56228364 -0.751818 -0.34439364 3 -0.035966918 -0.39383709 0.91847634
3 -0.087932952 -0.97510636 -0.20355669 3 -0.9958142 0.091165625 -0.0065401606 3 0.024934726 0.20212957 -0.97904128
3 -0.087932952 -0.97510636 -0.20355669 3 -0.9958142 0.091165625 -0.0065401606 3 0.024934726 0.20212957 -0.97904128
3 0.47595549 -0.76417607 -0.43531772 3 0.87745547 0.37913465 0.29381788 3 -0.059484445 -0.52181619 0.85098147
3 0.47595549 -0.76417607 -0.43531772 3 0.87745547 0.37913465 0.29381788 3 -0.059484445 -0.52181619 0.85098147
3 -0.85643065 0.48644429 -0.17291215 3 -0.49147853 -0.87075436 -0.015361704 3 -0.15803672 0.071826428 0.9848175
3 -0.85643065 0.48644429 -0.17291215 3 -0.49147853 -0.87075436 -0.015361704 3 -0.15803672 0.071826428 0.9848175
3 -0.8685019 0.4590421 -0.18704273 3 0.44978821 0.88840377 0.09181226 3 0.2083149 -0.0043903752 -0.97805196
3 -0.8685019 0.4590421 -0.18704273 3 0.44978821 0.88840377 0.09181226 3 0.2083149 -0.0043903752 -0.97805196
3 0.1660904 -0.94236922 -0.29043806 3 0.98471487 0.14283356 0.099676117 3 -0.052447435 -0.30255371 0.95168829
3 0.1660904 -0.94236922 -0.29043806 3 0.98471487 0.14283356 0.099676117 3 -0.052447435 -0.30255371 0.95168829
3 0.56326103 -0.74794608 -0.3511605 3 0.82139856 0.55297446 0.13972729 3 0.089674346 -0.36714572 0.92583078
3 0.56326103 -0.74794608 -0.3511605 3 0.82139856 0.55297446 0.13972729 3 0.089674346 -0.36714572 0.92583078
3 0.6949082 0.6106751 -0.37970868 3 0.71909821 -0.58960682 0.36777946 3 0.00071486167 -0.52862078 -0.84885782
3 0.6949082 0.6106751 -0.37970868 3 0.71909821 -0.58960682 0.36777946 3 0.00071486167 -0.52862078 -0.84885782
3 -0.19855633 0.85366076 -0.48149627 3 -0.97546875 -0.21977651 0.012608424 3 -0.095058277 0.47218814 0.87635738
3 -0.19855633 0.85366076 -0.48149627 3 -0.97546875 -0.21977651 0.012608424 3 -0.095058277 0.47218814 0.87635738
3 0.50295436 -0.80944413 -0.30304635 3 0.86268365 0.44861874 0.23349135 3 -0.053045925 -0.37886864 0.92392898
3 0.50295436 -0.80944413 -0.30304635 3 0.86268365 0.44861874 0.23349135 3 -0.053045925 -0.37886864 0.92392898
3 0.64991039 0.66014498 -0.37659666 3 -0.75889075 0.59057319 -0.27442375 3 0.041248456 0.46414661 0.88479757
3 0.64991039 0.66014498 -0.37659666 3 -0.75889075 0.59057319 -0.27442375 3 0.041248456 0.46414661 0.88479757
3 -0.19089961 -0.97775829 0.086868212 3 0.93177348 -0.15265754 0.32938436 3 -0.30879721 0.14382081 0.94019151
3 -0.19089961 -0.97775829 0.086868212 3 0.93177348 -0.15265754 0.32938436 3 -0.30879721 0.14382081 0.94019151
3 -0.21673003 0.95204771 -0.2159473 3 -0.93644351 -0.26525515 -0.22959378 3 -0.27586538 0.15246253 0.94902766
3 -0.21673003 0.95204771 -0.2159473 3 -0.93644351 -0.26525515 -0.22959378 3 -0.27586538 0.15246253 0.94902766
3 -0.65681744 -0.74539381 -0.11392544 3 0.7306456 -0.66647506 0.14821635 3 -0.18640801 0.014111943 0.98237109
3 -0.65681744 -0.74539381 -0.11392544 3 0.7306456 -0.66647506 0.14821635 3 -0.18640801 0.014111943 0.98237109
3 0.36172748 -0.90366483 -0.22922277 3 0.92334449 0.31329387 0.22199549 3 -0.12879547 -0.29195336 0.947721
3 0.36172748 -0.90366483 -0.22922277 3 0.92334449 0.31329387 0.22199549 3 -0.12879547 -0.29195336 0.947721
3 -0.94827414 0.17922989 -0.26201713 3 -0.16869009 -0.98369378 -0.062373277 3 -0.26892382 -0.014947253 0.96304548
3 -0.94827414 0.17922989 -0.26201713 3 -0.16869009 -0.98369378 -0.062373277 3 -0.26892382 -0.014947253 0.96304548
3 -0.95741236 0.038517963 -0.28614348 3 -0.085278511 -0.9845708 0.15280108 3 -0.27584305 0.17069551 0.94592482
3 -0.95741236 0.038517963 -0.28614348 3 -0.085278511 -0.9845708 0.15280108 3 -0.27584305 0.17069551 0.94592482
3 -0.79116267 -0.49980414 -0.35250184 3 -0.48309475 0.86414361 -0.14098081 3 0.37507468 0.05875285 -0.9251309
3 -0.79116267 -0.49980414 -0.35250184 3 -0.48309475 0.86414361 -0.14098081 3 0.37507468 0.05875285 -0.9251309
3 -0.4214218 -0.89319462 -0.15686657 3 0.89211404 -0.43938959 0.10521132 3 -0.16289963 -0.095604338 0.98199975
3 -0.4214218 -0.89319462 -0.15686657 3 0.89211404 -0.43938959 0.10521132 3 -0.16289963 -0.095604338 0.98199975
3 0.61306304 0.7837646 -0.099331349 3 -0.72437555 0.50746804 -0.46664369 3 -0.31533143 0.35803512 0.87884986
3 0.61306304 0.7837646 -0.099331349 3 -0.72437555 0.50746804 -0.46664369 3 -0.31533143 0.35803512 0.87884986
3 0.22198513 -0.93592834 0.27342439 3 0.91225278 0.29836437 0.28066665 3 -0.34426391 0.18712837 0.92003554
3 0.22198513 -0.93592834 0.27342439 3 0.91225278 0.29836437 0.28066665 3 -0.34426391 0.18712837 0.92003554
3 0.42765692 -0.88254511 -0.19550887 3 0.8927207 0.37837943 0.24470127 3 -0.14198343 -0.27918288 0.94968289
3 0.42765692 -0.88254511 -0.19550887 3 0.8927207 0.37837943 0.24470127 3 -0.14198343 -0.27918288 0.94968289
3 0.14800175 -0.98635519 -0.072103314 3 -0.92374837 -0.11183012 -0.36630994 3 0.35324836 0.12082011 -0.9276951
3 0.14800175 -0.98635519 -0.072103314 3 -0.92374837 -0.11183012 -0.36630994 3 0.35324836 0.12082011 -0.9276951
3 0.6256727 0.77849138 -0.049849816 3 -0.70348758 0.53546852 -0.46731037 3 -0.33710402 0.32745206 0.88268685
3 0.6256727 0.77849138 -0.049849816 3 -0.70348758 0.53546852 -0.46731037 3 -0.33710402 0.32745206 0.88268685
3 -0.15636466 -0.98693395 0.038878575 3 -0.83391654 0.11082343 -0.54064924 3 0.52927637 -0.11696005 -0.84034938
3 -0.15636466 -0.98693395 0.038878575 3 -0.83391654 0.11082343 -0.54064924 3 0.52927637 -0.11696005 -0.84034938
3 0.6230073 0.77881479 0.072866112 3 -0.63253778 0.55640465 -0.53880405 3 -0.46017164 0.28958821 0.83927393
3 0.6230073 0.77881479 0.072866112 3 -0.63253778 0.55640465 -0.53880405 3 -0.46017164 0.28958821 0.83927393
3 -0.79667717 -0.53694659 -0.27747771 3 0.46551752 -0.83792728 0.28490588 3 -0.38548556 0.097807154 0.91751552
3 -0.79667717 -0.53694659 -0.27747771 3 0.46551752 -0.83792728 0.28490588 3 -0.38548556 0.097807154 0.91751552
3 0.18881166 -0.9809863 -0.044901781 3 -0.8959012 -0.1533507 -0.41694713 3 0.40213364 0.118952 -0.90782106
3 0.18881166 -0.9809863 -0.044901781 3 -0.8959012 -0.1533507 -0.41694713 3 0.40213364 0.118952 -0.90782106
3 0.12398326 -0.99213552 -0.017187489 3 0.918679 0.10822255 0.37989089 3 -0.37504309 -0.062889874 0.92487168
3 0.12398326 -0.99213552 -0.017187489 3 0.918679 0.10822255 0.37989089 3 -0.37504309 -0.062889874 0.92487168
3 -0.52639359 0.84719634 -0.071889192 3 -0.81228912 -0.52607572 -0.25185487 3 -0.2511898 -0.074179821 0.96509129
3 -0.52639359 0.84719634 -0.071889192 3 -0.81228912 -0.52607572 -0.25185487 3 -0.2511898 -0.074179821 0.96509129
3 -0.39953139 0.84959471 -0.34433064 3 -0.83352548 -0.49302346 -0.2493258 3 -0.381589 0.18739499 0.90513706
3 -0.39953139 0.84959471 -0.34433064 3 -0.83352548 -0.49302346 -0.2493258 3 -0.381589 0.18739499 0.90513706
3 -0.67224365 -0.20207538 -0.71221769 3 0.11918833 0.91993737 -0.37350979 3 0.73067266 -0.33597764 -0.59433711
3 -0.67224365 -0.20207538 -0.71221769 3 0.11918833 0.91993737 -0.37350979 3 0.73067266 -0.33597764 -0.59433711
3 0.13604736 -0.99068135 0.0064509576 3 0.92133343 0.12891234 0.36677858 3 -0.36419231 -0.04395568 0.93028599
3 0.13604736 -0.99068135 0.0064509576 3 0.92133343 0.12891234 0.36677858 3 -0.36419231 -0.04395568 0.93028599
3 0.02095174 -0.99377006 0.10946325 3 0.97131866 0.046171419 0.23325598 3 -0.23685686 0.10143667 0.96623468
3 0.02095174 -0.99377006 0.10946325 3 0.97131866 0.046171419 0.23325598 3 -0.23685686 0.10143667 0.96623468
0 0 0 1 0 0 0 1 0 0 0 1 0 0 0 0 0 342 1 0 0
